# Neural Network Model File
# Saved: 2026-09-05 22:04:49
# Filename: tetris_model_best_20260905_score216400.txt
#
-1.8895 0.390667 9.88377 0.657494 0.755352 -1.58621 -0.81059 -1.80161 -0.899865 -0.748162 0.941225 0.438367 -1.08713 0.245885 0.860911 9.82385 0.482864 -0.858142 -1.11878 7.70427 -0.732503 -0.688287 -1.84857 -0.254251 -0.908529 -1.06036 -0.403637 4.89009 -0.900213 0.267999 -0.743953 0.0842612 0.268426 -4.41016 0.308616 -1.09541 -0.176502 0.538019 -1.07895 0.61851 -0.553784 -1.13585 -1.44027 -1.40167 9.83313 -1.13017 -0.389115 -1.40545 -0.73896 9.83595 9.82716 -1.01998 0.959172 -0.640164 1.36324 0.520975 -0.736713 -1.14717 -0.597595 -0.11537 -0.360451 -0.423391 -0.678776 0.271168 
-0.761641 -0.0806902 9.88238 0.949345 0.266239 -0.00326507 -1.25872 -1.21788 -0.531718 0.0793419 1.35793 0.366002 0.166972 -0.0122047 1.18358 9.76696 0.242716 -1.28695 0.0122291 8.068 -0.273333 0.40055 -0.331734 0.211799 -0.145852 0.0254575 -0.533261 5.61335 -0.883232 0.746138 -0.161333 0.113879 0.743345 -3.63084 0.174149 -0.369905 0.0830946 -0.515496 0.334817 0.0148782 -0.18041 -1.21151 -0.0620731 -0.615596 9.86083 0.0155628 0.762884 0.837901 -0.141566 9.86064 9.84738 0.643078 1.08002 -0.2361 1.46913 0.657044 0.258254 -1.21454 0.424638 -0.276228 0.660804 0.440783 1.65462 0.461944 
0.611611 0.000688568 9.85985 0.876614 0.066767 0.718928 0.56537 -0.280053 -0.446126 1.60412 0.832015 -0.342721 0.252391 -0.0838157 0.771437 9.83419 -0.0433619 0.162658 -0.670475 5.44686 0.0635547 0.0524768 -1.06558 -0.250297 0.338354 1.10258 -0.905745 3.44306 -0.18384 1.13648 -1.34236 -0.222128 -0.902329 -2.80282 0.178014 -0.190519 -0.797955 -0.510902 0.764313 -0.0199106 0.681872 0.901215 0.053587 -0.176047 9.83457 0.30035 -0.77212 0.342652 -0.439224 9.83482 9.83382 -0.52815 0.404222 -0.562307 0.918913 -1.04047 0.400893 0.475183 -0.303744 -0.586501 -1.81483 0.672352 0.101381 -0.424684 
0.885898 0.15007 9.86418 1.3497 -0.119431 0.626057 1.25325 -0.346697 0.0854383 1.00758 1.25573 0.153034 -0.877232 0.280647 1.379 9.51811 0.185814 0.376272 -0.464428 6.33155 -0.287413 -0.246713 -0.0684496 -0.62931 -1.12608 1.25776 -0.315615 4.06043 -0.306187 -0.93509 -0.4737 -0.120059 0.189242 -2.93656 0.0151494 -0.769863 0.218383 -0.373369 -0.0298975 0.140743 0.0443344 0.384337 -0.743249 -0.750085 9.84018 -0.455988 0.17607 0.122753 -0.485181 9.84074 9.83906 -0.471891 0.99329 -0.826197 1.41497 -0.443651 -0.158471 0.0516269 -0.576298 -0.637772 -0.824923 -0.0277832 -0.0531392 0.0163913 
0.897484 0.192569 9.87535 0.131261 -1.11515 -0.682754 0.399678 -0.835376 -0.590422 0.203412 0.178759 0.7046 0.170651 0.234682 0.575082 9.85005 0.21031 0.513726 -0.485275 6.23493 -0.666421 0.590168 0.0637452 -0.573768 -1.33354 0.868387 0.367234 3.15684 0.625236 -0.927719 0.194957 0.772933 0.466042 -3.34786 0.113149 -0.601965 0.13539 0.391898 -0.183646 0.0588061 -0.301304 0.993313 -0.116647 -0.34085 9.85125 -0.373123 -0.324379 -0.354451 -0.868946 9.85191 9.84996 -0.158772 0.857362 -0.333373 1.20507 0.130557 -0.19173 -0.383295 -0.451056 -0.297466 -0.866299 -0.469253 -0.400002 0.265081 
0.272869 -0.0081764 9.87337 1.2217 -0.935771 0.316523 0.40073 -0.703728 0.0965984 -0.228411 1.06081 -0.169083 -0.358234 0.0635493 1.30639 8.91725 0.0944713 0.52326 -0.274368 6.72136 -0.346233 -0.0131074 -0.401389 -0.564537 -0.960163 0.57729 -0.245262 4.13936 -0.27586 -0.881366 -0.63487 -0.193965 -0.201254 -2.70206 -0.0509156 -0.200407 -0.112109 0.512396 -0.350034 0.1128 -0.315783 0.260097 -0.238496 -0.1021 9.84649 0.400394 0.621403 0.0588292 -0.419466 9.84721 9.84509 -0.425561 1.25715 -0.480727 1.52307 0.369563 -0.664338 0.0855634 -0.41953 0.146317 0.691103 -1.01094 -0.0467153 0.251235 
0.415872 0.0326694 9.88839 0.754437 -0.548515 0.257238 0.181147 -0.302728 -0.570314 -0.139787 1.12897 -0.103967 0.0819752 0.27551 0.470995 9.84051 0.0731501 1.27677 -0.702237 6.63862 -0.522988 -0.0795399 1.09161 -0.427574 0.0668436 1.13633 -0.178388 3.10678 0.150693 -0.474416 0.087365 -0.0643259 -0.0848268 -3.0268 0.127535 -0.506856 0.175681 0.261763 0.0958584 -0.00486872 0.305343 -0.391988 -0.458533 -0.544258 9.86576 0.226273 -0.0950369 -0.429394 -0.866935 9.86634 9.85394 0.0290395 0.411045 -0.583417 0.697625 0.28147 -0.0183874 -0.092103 -0.156828 -0.439879 1.07371 -0.707948 -0.507375 -0.0616466 
0.0133637 0.098823 9.87458 1.42368 -0.0547995 0.440697 0.363744 0.141259 0.0863271 -0.484505 1.79427 0.327367 0.066758 -0.0653642 1.42214 9.02076 0.198822 0.100647 -0.64272 6.00845 -0.180936 0.0247935 0.57239 -0.37357 0.401311 0.108139 -0.443327 3.91884 -0.0197941 -0.719166 -0.939021 0.202508 -0.64291 -2.9328 0.0749155 0.0622584 1.94311 0.517073 -0.123707 0.116569 0.46673 -0.318825 -0.628539 -0.0811411 9.85238 -0.123528 -0.383189 0.461373 -0.167864 9.85294 9.85146 0.00705633 0.850366 0.11534 0.964545 0.147882 -0.127322 0.17814 0.0507705 0.399817 0.751792 -0.578829 -0.352427 -0.0236061 
0.875362 0.0735761 9.86103 0.871182 -0.632459 -0.344294 -0.00190485 0.0128474 0.0882701 -0.408829 0.660563 0.109605 0.433204 0.0155307 1.47794 9.80615 -0.215524 -0.705502 0.00257695 6.39583 0.250032 0.181587 1.48972 0.0948758 0.269042 -1.92471 -0.124236 4.26503 -0.729422 0.693215 0.603863 0.38805 -0.163539 -3.33511 0.0722234 0.0397988 -0.39415 -0.270339 0.280514 0.0360576 -0.238681 -0.977122 0.968782 0.10488 9.82463 0.408037 0.233713 -0.291236 -0.184099 9.83024 9.81318 -0.207098 0.562588 -0.796148 1.20444 -1.31139 0.107056 0.263573 0.053243 0.28878 0.462281 0.146557 0.477086 -0.136291 
-0.905382 0.0425934 9.84028 0.275998 1.02915 -1.80645 -2.03405 -0.783009 0.656721 -0.893547 1.106 -0.224114 -0.245789 0.117714 1.15124 9.78171 0.396415 -0.686273 -0.803307 6.94133 -0.266351 -0.444477 -0.45723 0.0278418 -0.535868 -2.15462 -0.964564 3.77833 -0.220128 -0.506647 0.45399 -0.238748 0.286872 -4.03704 0.408696 -0.247737 -1.93149 0.12204 -0.634948 0.111678 -0.751432 -0.33087 -0.103647 -0.594687 9.80149 -0.784218 -0.0569338 -0.524104 -0.809525 9.80372 9.78934 -0.434447 0.921585 -0.420555 0.976094 -0.288219 -0.200271 -0.600166 -0.248212 0.365534 0.0244554 -1.3586 -0.879426 0.25847 
-0.222626 0.298066 9.87397 3.56697 -0.0375763 0.00170607 -0.2301 0.275289 0.680569 -0.0317661 4.24946 0.171966 -0.406298 0.632568 3.68956 9.84162 0.207938 -0.370354 -0.382933 9.90691 0.227024 0.32503 -0.473529 1.0999 0.156634 -0.627258 0.0944804 7.21538 0.111685 0.0205549 -0.764307 0.600378 -0.727002 -4.07994 0.438244 -0.445686 0.464231 0.468236 0.306608 0.66216 -0.411601 -0.981601 -0.482803 -0.549542 9.84414 0.0130767 0.18776 0.691312 -0.253085 9.84462 9.8433 0.32794 3.58331 0.0270939 1.9799 -0.308847 -0.249332 0.245651 1.37433 1.04666 0.0382674 -0.210753 0.00189946 0.0603128 
4.89666 1.53552 -2.15413 6.64747 4.57307 2.64334 3.15973 3.25931 1.264 4.16588 7.20832 1.59817 3.64549 1.61394 7.23743 -5.90644 1.27519 2.44004 4.65314 8.03276 2.72313 1.95546 2.30311 4.26173 4.09381 3.14928 6.0446 8.37943 2.87674 4.36755 5.42557 1.20883 2.37615 1.80299 1.19833 4.54016 2.42812 1.24922 3.84582 1.35826 5.23274 5.82122 5.03351 5.07513 -5.01107 3.6131 1.67355 3.68837 3.23142 -4.95202 -5.48868 4.29182 7.53506 4.89728 2.67752 2.18643 3.85781 3.05356 4.82752 1.81527 2.2591 4.06634 4.68186 1.93703 
2.36311 1.12686 2.14741 5.48294 2.56341 1.1376 1.88769 1.79977 1.42645 2.23358 4.86941 0.605899 2.26651 1.44028 4.57765 -2.10305 1.07051 1.99224 2.55485 5.14314 2.03984 1.43611 0.887161 3.06552 2.00034 1.68734 3.27229 5.46404 1.45704 1.84104 2.99069 1.22254 1.90576 0.288187 0.521457 2.31099 1.11468 0.965904 2.27252 1.04622 2.43969 3.14095 2.67324 2.3253 -1.34688 1.85174 1.00271 2.13319 1.87628 -1.47837 -1.6332 2.77805 4.84455 3.01095 2.17084 1.29339 2.85977 1.87113 2.97238 0.824791 0.982115 2.25043 2.86148 0.707548 
1.21302 0.349994 7.65791 0.985158 3.02852 1.36733 1.47359 2.24857 0.980672 1.2303 1.10392 0.0468246 1.90768 0.0765748 0.972212 2.1539 -0.259366 0.0919602 2.03777 -0.476322 2.23282 -0.230905 -0.0657245 2.1121 2.04115 0.28372 2.03069 -0.0853266 0.420426 1.79509 2.25237 -0.052608 0.567448 0.245328 -0.138027 1.72488 0.193948 -0.181174 1.73883 0.171699 2.24992 2.32063 1.09071 1.61132 2.82024 1.79542 -0.0560655 -0.169591 1.96123 2.56894 2.63344 1.48587 1.11121 2.02966 -0.923032 0.617953 2.28485 2.37647 2.40524 -0.102909 -0.0908828 0.695088 0.758468 -0.331148 
2.07976 0.313548 9.96187 0.640179 1.58414 1.07055 1.6936 1.67168 -0.104808 1.98169 -0.171229 0.131926 1.84288 -0.0548562 0.156896 4.29903 -0.0887623 1.16143 2.25808 0.936575 1.78182 1.1976 0.446757 1.32302 1.83744 0.644893 1.76132 0.305968 -0.281312 1.98657 2.73693 0.143329 0.406382 0.103739 0.0711557 1.67917 0.0353925 0.137934 1.77767 0.247237 1.80895 1.85239 1.97309 1.95578 6.23512 2.23043 0.404157 -0.175705 2.40635 6.65888 5.11202 1.80119 0.249097 1.97987 -0.521471 -0.144546 2.29796 1.88925 1.29212 0.10425 0.987915 1.38466 2.5638 -0.0174312 
2.08417 0.363049 9.27698 0.0462831 2.02311 1.18494 1.58377 1.27829 0.122935 2.13679 -0.0410674 0.194303 1.71761 0.0660221 0.721985 2.99835 -0.138151 1.10607 1.99027 0.104688 0.988855 0.894919 0.527696 1.54566 2.27317 0.692588 1.85384 1.21505 2.02088 2.12493 1.95037 -0.0184662 0.15462 -0.175162 -0.275023 1.90245 0.423291 0.162 1.55053 0.211345 1.41737 1.59145 2.18902 1.69315 3.74295 1.30194 -0.146306 2.01829 1.01531 4.34902 3.64629 0.763505 0.395176 0.92081 -0.780401 0.362182 1.75261 1.20046 1.40064 0.9397 -0.250522 1.90843 1.94773 0.0613542 
2.16042 0.0746849 9.94856 0.875535 1.97283 0.864892 1.33488 1.29531 -0.104053 2.06969 0.974816 0.0508291 2.01758 -0.044024 0.69429 3.71068 -0.107757 1.12573 1.79369 -0.0482516 1.29412 0.0475105 0.572233 2.01337 2.3209 0.965814 2.78514 1.09595 0.466216 1.80753 1.85836 -0.105739 1.64291 -0.0831455 0.119399 1.97952 0.182214 0.147421 1.27555 0.207269 1.44259 1.73473 2.0043 1.92597 4.57751 1.35334 -0.231655 1.33199 1.95281 5.31114 4.15715 2.7223 0.522434 2.4463 -1.12387 0.336471 1.32773 1.54063 1.90652 -0.372139 -0.149498 2.16168 1.92552 0.155721 
2.2 0.35283 9.9705 0.957645 1.61196 1.00724 1.73882 1.95385 0.274999 2.05629 0.43424 0.0816038 2.12382 -0.0747394 0.382765 4.03111 -0.139119 1.34274 1.8173 0.0350972 1.97191 0.949645 0.661283 1.39029 1.68616 0.695184 2.02572 -0.433093 0.263607 2.71062 2.34156 0.0824724 0.347578 0.0551165 0.100113 1.87283 0.310264 -0.0123044 1.85809 0.22705 1.80997 1.57118 2.03119 1.7787 5.32872 1.73104 0.343272 -0.238306 2.50204 5.5499 4.11366 1.65435 0.586833 1.6927 -0.829968 0.264223 1.93804 1.798 1.36824 -0.00763612 0.410576 1.98455 1.98043 0.113219 
2.0102 -0.260056 5.82347 0.469326 1.98999 0.815015 1.81381 1.80054 -0.450372 1.44754 -0.0926041 0.116078 1.7543 -0.306794 1.0985 1.97295 -0.16949 0.849365 1.36741 -0.581569 2.13166 0.0348819 0.367353 2.02091 1.60366 0.335177 1.78966 0.211621 0.0228165 1.87633 1.43555 -0.0616214 -0.0710261 0.490245 -0.190637 1.50477 0.512221 -0.128342 2.34223 -0.389245 2.906 2.06465 1.62574 1.88356 2.04775 2.02084 -0.103278 -0.0390852 2.13097 2.36166 2.20962 1.60398 1.61739 2.26418 -0.938837 0.130768 2.37719 1.79197 2.15131 0.00884125 0.190468 1.85848 1.89766 -0.42654 
1.71061 0.205458 9.96399 0.280513 2.32372 0.938362 1.81938 1.62394 -0.378815 2.20434 -0.137317 0.207459 1.95288 0.129748 0.649427 4.95145 -0.171064 -0.381888 1.35996 0.660255 2.29664 1.06474 -0.0818701 2.25217 2.11463 0.405659 2.03985 0.929747 0.462365 1.9023 1.21547 0.0890368 -0.268471 -0.0532983 0.00314927 2.07337 0.252624 0.153006 2.0371 0.166465 1.99856 2.13661 1.0201 1.93808 5.56902 1.99501 -0.261754 2.03573 2.23079 5.69299 5.35826 1.98484 -0.0077177 2.77843 -0.505325 0.268591 1.21608 1.85333 1.49876 0.24736 0.811587 1.26766 1.8342 0.114123 
1.81265 -0.420925 9.02583 0.999614 -2.80752 0.17645 0.41617 0.580236 -0.604714 1.23073 1.26963 -0.466914 0.100177 -0.123227 0.141653 3.38291 -0.682681 0.40766 0.215463 1.23127 -0.158693 -0.0861132 1.51503 -0.83052 -0.596922 0.0600379 -0.75631 0.0796495 -0.769271 -0.989971 -0.0634175 -0.159598 0.0917266 -0.736088 -0.165978 0.122407 0.908655 0.091297 -0.178896 -0.0592512 -0.100391 -0.0978788 1.00633 -0.695152 4.03224 0.0208601 0.501039 0.575264 -0.485351 4.20792 3.55109 0.469153 0.346797 -0.409602 0.432802 -2.01987 -0.125811 0.116922 -1.11069 -0.0371533 -0.0847036 0.49107 2.64996 -0.145273 
-0.136288 -0.133582 9.87867 0.585597 0.342301 -0.470689 0.00205 -1.06008 0.310761 -0.318119 1.13486 -0.559226 -0.439705 0.301216 1.15484 9.85296 0.0423322 -0.143533 -0.753223 6.3894 -0.263329 -0.090693 0.116784 -0.105601 -0.525307 -0.354662 -0.209781 3.68832 -0.608571 -0.250392 0.0774021 0.221451 -0.426743 -2.99784 -0.138081 -0.580754 -0.141419 -0.262999 -0.591857 -0.234591 -0.122258 -0.145203 -0.404477 -0.864228 9.85401 -0.124119 0.366863 -0.120519 -0.932827 9.85457 9.85289 -0.165468 0.528277 -0.533989 1.26736 -0.387779 -0.0331324 -0.402441 -0.524076 0.0256966 -0.348672 -0.555519 -0.443007 0.439227 
0.171536 0.0922507 9.98291 2.02925 -0.658852 0.306721 0.368093 0.422318 -0.580153 1.15574 2.11419 0.00209451 1.19343 -0.176553 1.90407 8.83905 0.112675 0.0850656 0.803431 4.93211 0.257195 0.214472 -0.555273 0.778154 0.461999 -0.533868 0.0634161 3.61648 0.328941 0.644426 -0.0305241 -0.116906 0.888423 -3.24288 0.110903 1.11117 -0.87108 -0.845102 0.221179 -0.0999936 0.670343 -0.329329 1.15171 0.559218 9.96686 0.822854 -0.135661 -0.0401966 0.365615 9.96761 9.96545 0.814991 1.25663 0.942995 0.279376 -0.499318 0.309086 0.927879 0.407666 -0.0471182 -0.663543 0.84539 0.464116 0.160846 
-0.473625 0.0746799 0.326566 -0.155129 0.341016 -0.233397 -0.355001 0.0976283 0.0902977 0.118493 0.523751 -0.0699765 0.49998 0.058603 0.203268 0.130321 0.219379 -0.303547 0.709706 0.0766231 -0.264249 0.337554 0.206213 -0.38196 -0.0933805 0.276848 0.22818 0.0354526 -0.207791 -0.381628 -0.25754 0.150871 0.0467967 0.0543035 0.172306 -0.0532886 -0.0300843 0.260378 -0.682317 0.337364 -0.0209804 0.142109 0.023859 0.160873 -0.240626 0.152797 -0.0598334 -0.168899 0.498861 -0.173501 -0.184235 0.340114 -0.167231 0.150188 -0.384399 0.242957 0.305523 0.147756 -0.451153 0.0846159 -0.205148 -0.385376 -0.38481 0.0575443 
0.529152 -0.0854796 -0.10799 -0.130784 -0.267644 0.35073 -0.0848494 -0.296948 0.0241659 0.0660078 -0.100454 0.20226 -0.180429 -0.553365 -0.198114 0.159823 0.293542 0.124936 -0.0920515 -0.306022 0.467026 0.268831 0.44743 0.275887 0.108195 -0.292419 0.521769 -0.167658 0.18501 0.16263 -0.166756 0.0107275 -0.182898 0.212624 0.232481 -0.390304 -0.302653 0.388054 0.274528 0.0833253 0.2621 0.127461 0.0406711 0.0243842 0.196934 0.0583627 -0.0925336 0.0935312 0.22973 -0.265719 0.0460618 -0.130671 0.142566 0.502902 -0.21118 -0.0498423 -0.197477 0.0221708 -0.000228049 0.116579 0.233778 0.507788 0.0917271 0.235526 
0.234001 0.161894 0.0128361 -0.0507467 0.184619 0.427099 0.15833 -0.232878 0.10267 0.329369 -0.165067 0.0588364 -0.438492 -0.122411 0.169609 -0.183314 0.149629 -0.377779 0.019252 0.0722195 0.212723 0.242956 -0.0937046 -0.00765927 -0.239041 -0.524483 0.166847 -0.0222292 -0.281494 -0.197258 -0.57109 -0.296748 0.120259 0.293504 -0.17241 -0.0447208 -0.184127 0.13937 0.0283061 0.377389 -0.0100092 -0.123161 0.132251 0.0501115 -0.121811 -0.22149 -0.226005 0.13517 0.204027 -0.170186 -0.130144 1.02983 -0.359284 -0.338805 0.0185646 0.286389 0.0734024 0.108569 -0.298102 -0.0191849 0.10591 -0.357812 0.119642 -0.12954 
-0.202551 0.227022 0.00901559 0.056951 -0.18713 -0.372202 0.244617 -0.400158 0.183268 0.724292 -0.630452 0.376252 0.0248545 -0.150473 -0.262006 0.14477 0.25702 0.238705 0.0348087 -0.204693 0.286771 0.0755537 -0.287619 0.123736 -0.432156 -0.460257 -0.205629 0.0151793 0.458748 -0.181447 0.101729 0.543355 -0.127194 0.432413 0.249695 0.0152828 -0.0120648 0.156072 0.096308 -0.0460461 0.0871422 0.13033 0.0964112 0.164113 0.389491 0.471955 -0.306564 -0.0400058 -0.121415 -0.0145285 0.22572 0.594535 0.166705 0.2282 0.0377505 -0.860355 0.0467204 -0.0794349 0.265452 0.121988 -0.0524655 0.0442505 -0.212032 -0.292816 
-2.24866 -2.05611 9.976 -4.10692 -1.75394 -1.44657 -2.02507 -2.31005 -1.09609 -2.2892 -4.93171 -1.56762 -2.77375 -2.54067 -3.41766 9.9447 -2.19432 -2.34328 -2.16416 -0.946069 -2.28379 -2.32448 -0.718677 -2.90531 -2.212 -0.837448 -1.12426 -2.87929 -1.89094 -2.00735 -1.57672 -2.22092 -2.03215 -8.85846 -2.31239 -1.96086 -0.668003 -1.54467 -2.98351 -2.37373 -2.36092 -1.83803 -2.69733 -1.65678 9.9517 -2.96455 -1.68311 -2.30785 -2.02414 9.9535 9.94851 -2.23654 -3.65069 -2.38132 -2.10398 -0.465437 -2.86191 -2.74179 -3.02986 -2.09063 -0.71708 -1.95703 -2.59105 -2.20403 
-9.88752 
-9.9739 
0.704557 
-6.01379 
-8.79665 
-9.93355 
-9.98422 
-9.89151 
-9.97461 
-9.85566 
-5.44215 
-9.97495 
-9.96614 
-9.97357 
-0.893982 
1.29315 
-9.97312 
-9.97248 
-9.87157 
-9.04212 
-9.92557 
-9.97096 
-9.82079 
-9.97036 
-9.8635 
-9.96673 
-8.17639 
-2.43347 
-9.92633 
-9.40276 
-3.39908 
-9.97284 
-9.96756 
-2.93411 
-9.97297 
-9.84954 
-9.98191 
-9.97427 
-9.97291 
-9.97285 
-9.99057 
-9.82865 
-9.92341 
-9.80458 
1.14425 
-9.97011 
-9.97407 
-9.97563 
-9.85779 
1.10875 
1.21894 
-9.94515 
-1.87074 
-9.87464 
-9.71713 
-9.95745 
-9.98019 
-9.97287 
-9.97696 
-9.976 
-9.96262 
-9.89023 
-9.14796 
-9.9731 
9.95274 

# Training State Metadata
FILENAME tetris_model_best_20260905_score216400.txt
EPSILON 0.22566
EPSILON_MIN 0.05
EPSILON_DECAY 0.995
LEARNING_RATE 0.0015
GAMMA 0.99
TRAINING_EPISODES 28423
TOTAL_GAMES 297
BEST_SCORE 216400
AVERAGE_SCORE 21178
PREVIOUS_AVG_SCORE 21178
