# Neural Network Model File
# Saved: 2026-09-05 21:39:52
# Filename: tetris_model_best_20260905_213952_score200.txt
#
-0.117204 0.295283 0.202857 0.435941 0.0247745 -0.0302329 0.312581 -0.415027 -0.691113 0.200865 0.326639 0.472445 -0.0688335 0.040855 0.0173658 -0.169656 0.357128 0.184034 0.142273 -0.164315 0.0687779 -0.107329 -0.463541 -0.015187 -0.742374 -0.104969 0.138008 0.176102 -0.166127 0.218627 -0.143019 0.0953302 -0.0608285 -0.145296 0.197942 0.421386 0.182862 0.257286 -0.458051 0.551417 -0.00817994 0.129246 0.117819 -0.257283 -0.196159 -0.232576 -0.109518 -0.0752701 0.29089 -0.158905 -0.639015 0.176183 0.557643 0.337782 -0.214638 0.186878 0.0118188 -0.0243108 -0.181306 0.123048 0.0677461 0.0829017 0.253032 0.00678846 
0.270164 -0.316743 0.0178282 -0.185857 0.1239 0.282581 -0.241186 -0.274417 -0.151399 -0.213604 0.0477584 0.319009 0.35968 -0.382876 -0.218388 0.343706 0.0606616 -0.446678 0.322231 0.252339 0.0352297 -0.169434 -0.211857 0.231361 -0.247472 0.639853 -0.14698 0.479716 0.254487 0.0208287 -0.0151852 -0.0510589 0.131459 -0.171393 -0.0601138 -0.000967206 -0.106323 -0.33329 0.401948 -0.0531179 -0.232675 -0.218392 -0.13732 -0.0967215 0.108954 0.316371 0.352079 0.329911 0.238422 0.0600674 0.124685 0.360453 -0.144066 -0.14593 0.109751 0.11536 0.136747 -0.490708 0.4559 -0.167927 0.379741 0.206036 0.165383 0.0784867 
0.0725551 0.141525 0.318297 0.0737835 -0.209451 -0.00754775 0.0728578 0.0899703 -0.426054 0.488362 -0.0158522 -0.269382 -0.0138416 0.0154677 0.23154 -0.467336 0.0140491 -0.0719837 -0.284755 -0.304301 -0.0489279 0.130098 -0.555208 -0.323609 0.208182 0.24808 -0.0645087 -0.121083 -0.401536 0.526245 -0.175138 -0.250216 -0.397274 0.35293 0.0311867 0.0998296 -0.417888 0.168185 0.196146 0.125451 0.32941 0.51687 0.289908 0.351482 0.177641 0.0662767 -0.44635 -0.154207 -0.0600739 0.115479 0.074767 -0.49433 0.0952301 -0.00792783 0.452128 0.0183167 -0.205622 0.363696 -0.205917 -0.068753 -0.279591 0.417567 -0.163636 -0.616081 
0.302865 0.105906 -0.47058 0.4415 0.137671 -0.0159852 0.234166 0.197335 0.330337 0.330195 0.0650329 -0.0810425 -0.760176 0.207776 0.083325 -0.10042 0.0940696 0.105815 0.287334 -0.0800789 0.069683 -0.409575 -0.153773 -0.354854 -0.469425 -0.0891779 -0.156992 0.462657 0.121845 -0.566613 -0.00582437 -0.370283 0.208666 -0.0802752 -0.224901 0.0462687 0.180279 -0.111178 0.357185 0.0716467 0.468537 0.372961 -0.0260555 -0.0927481 -0.0463179 -0.157739 0.103539 0.0792142 0.132091 -0.00379592 -0.0139963 0.22242 -0.26772 0.0646392 -0.0440078 -0.107547 0.398518 0.145169 0.0695196 -0.284813 -0.256824 0.217121 0.0251888 -0.364721 
0.172169 0.0623606 0.0515406 0.374863 -0.0352824 -0.634147 -0.201 0.24509 -0.444041 0.0583478 -0.046467 0.731044 0.439303 0.0785405 0.0183611 -0.109203 0.186868 0.301097 0.0624217 -0.113782 0.0312776 0.295807 0.113365 0.151773 -0.504507 -0.0316649 0.0702599 -0.25637 0.0292448 0.093315 -0.366116 0.729881 0.300164 -0.261379 0.110261 -0.305403 0.109408 -0.188484 0.168738 0.0265073 0.0660114 0.727319 0.114227 -0.304422 0.240136 0.232686 -0.31104 -0.218904 0.0751178 -0.0762917 0.0359007 0.188709 0.284123 0.342014 0.350969 0.208706 0.19344 0.048792 0.367322 0.188247 0.300884 0.105899 0.105558 0.15125 
-0.0946187 -0.249529 -0.396789 0.239102 -0.213878 0.370788 0.0152628 -0.0715345 -0.119242 -0.0153476 -0.347946 -0.29934 -0.339064 -0.250817 0.0149456 -0.192234 0.0575159 0.329616 0.224895 -0.155491 0.0750765 -0.188474 -0.105098 -0.140723 -0.253862 0.179754 -0.0180079 0.480683 -0.236901 -0.0663818 -0.33013 -0.538768 0.168486 0.25876 -0.188817 0.138179 0.0544692 -0.1448 -0.125719 -0.111137 -0.208788 0.124018 0.201201 0.275013 -0.37064 0.444675 0.311018 -0.210279 0.222587 0.330195 -0.519392 -0.391482 0.0692613 -0.00806298 0.434144 0.168644 -0.264559 0.410325 0.0842183 0.0584861 0.348983 -0.552564 0.303036 0.254458 
0.0479062 -0.0322624 -0.0881497 -0.173607 0.111976 -0.061292 0.0421959 0.346086 -0.519567 -0.202571 -0.0349921 -0.220544 0.0829394 0.145915 -0.324705 0.0323466 0.156147 0.443545 0.116586 0.481028 -0.132748 0.146502 0.270758 -0.0838632 0.49628 0.238557 -0.335947 -0.399437 0.438359 0.179553 0.146729 -0.236112 0.390909 -0.0155084 0.156064 -0.294219 -0.391754 0.141929 0.229499 -0.228515 0.0387811 -0.403048 -0.0603667 -0.115204 -0.20952 0.319913 -0.428614 -0.0658685 -0.040636 0.172551 0.483952 -0.102666 -0.066378 -0.127665 -0.40353 0.216076 0.0198919 0.398695 0.169771 -0.0570745 0.382526 0.114758 -0.0670452 0.0359422 
0.12987 0.306219 -0.192876 0.0710365 -0.221477 0.13067 0.247387 0.503499 -0.232879 0.356175 0.208177 0.18986 0.286189 -0.0585595 0.311408 -0.228601 0.268668 -0.480231 0.00950197 -0.603285 0.0925161 0.107334 -0.135698 -0.319389 0.634397 0.289285 -0.188741 -0.0335279 -0.227209 -0.320124 -0.05471 0.227045 0.159382 -0.0101269 0.281249 0.143344 0.484342 0.539888 0.0936902 -0.0287181 0.0740231 -0.270818 -0.0401051 -0.162397 -0.473062 -0.242043 -0.28501 -0.260104 0.376652 -0.160106 -0.337438 0.0460399 0.0328641 0.293536 -0.0856604 -0.218733 -0.183202 0.425009 -0.158629 0.166172 -0.251302 0.10323 0.444931 -0.109516 
0.142673 0.0159346 0.351096 0.132708 -0.315019 -0.292023 -0.0338723 0.255004 -0.223946 -0.198079 -0.250889 0.106118 0.214975 -0.0124824 0.39083 0.311753 -0.377402 -0.36155 0.043865 -0.0557841 0.127147 -0.0972649 0.311541 -0.0756286 0.00539555 -0.201876 0.126717 0.419275 -0.101588 0.308516 -0.366839 0.391058 -0.207395 0.129369 0.0811 -0.294575 -0.129762 -0.00862155 0.285079 -0.0624384 -0.115478 -0.405334 -0.079611 -0.341567 -0.0783608 0.335209 -0.18124 0.219484 -0.0819442 0.0320999 -0.00557899 -0.405519 -0.107773 -0.475235 0.351221 -0.352257 -0.0443985 0.234454 0.275981 0.0526585 0.0242482 -0.0691997 0.342062 -0.377158 
0.473783 -0.0493922 -0.517199 -0.281646 0.157489 -0.12974 -0.256127 0.0720012 -0.0865121 0.0224123 0.0713542 -0.383907 0.393875 -0.0192124 0.0403614 -0.0463986 0.121044 0.535396 0.124004 -0.201026 0.247018 -0.0166827 0.0653115 -0.0113175 -0.199222 -0.174574 -0.323075 -0.183954 0.266866 -0.428954 0.47775 -0.356988 0.35885 0.122562 0.0366772 0.199939 -0.0741124 0.220236 -0.192953 -0.101665 0.057374 0.332305 0.249546 -0.152164 0.170673 -0.020715 -0.388504 0.214865 0.152274 -0.126521 -0.0141534 -0.404267 0.418571 -0.0157684 -0.210355 0.536167 0.129414 -0.11023 -0.0329046 -0.0501223 -0.0645746 -0.507633 0.496111 -0.327642 
-0.090361 -0.261582 0.306759 -0.21756 0.04753 -0.114827 0.0179843 0.494511 0.275568 -0.13848 0.234775 -0.410139 -0.493691 -0.153589 -0.133994 0.143708 -0.377444 -0.155085 0.190061 0.0307783 0.0607465 -0.2551 -0.403305 0.62592 0.138796 -0.213361 0.0359263 -0.159598 -0.444836 0.243013 0.11567 -0.00877713 -0.388808 0.188327 -0.357102 -0.067424 0.367129 0.0348439 0.340092 0.0868269 -0.173709 -0.19102 0.0537741 -0.0132313 0.0878492 0.0334652 -0.0109509 -0.17221 -0.0701577 0.10717 0.181221 0.333274 0.185952 0.115725 -0.620756 -0.234211 -0.15852 0.119667 0.542818 0.280717 -0.0109305 0.0375165 0.498311 -0.600753 
0.0200876 -0.0310376 0.0498459 -0.391352 -0.0784161 -0.0406681 -0.0841428 0.414373 -0.384317 0.0340112 0.0577536 -0.0099885 -0.0461029 0.165817 -0.0675852 -0.230855 -0.142763 -0.177171 0.0646003 0.119256 -0.435453 -0.239934 -0.0830679 0.490642 0.427312 0.330575 -0.0599 0.565815 0.0300017 0.255332 -0.302224 -0.22691 -0.231134 0.329952 -0.300077 -0.0266801 0.106299 -0.282118 0.0702267 -0.0965633 0.537174 0.450038 0.0650846 -0.12452 0.138039 0.169867 -0.122344 0.15746 0.202502 0.0902044 -0.00568118 -0.150303 0.301519 0.354223 0.00195388 -0.0693955 -0.252669 0.00507265 0.0250948 0.136974 0.22325 -0.101504 -0.115624 0.473686 
-0.523751 0.200462 -0.252983 0.478882 0.00389576 -0.214404 -0.0168072 -0.103359 0.514251 -0.332093 -0.157668 -0.396543 -0.100966 0.457519 -0.190868 -0.0174205 0.124233 0.380935 -0.166253 -0.278468 -0.114927 0.168493 -0.289278 0.400474 -0.224035 0.44419 -0.0394542 0.215859 -0.0972724 -0.317446 0.0492998 0.308421 0.254933 -0.0976957 -0.534015 -0.384556 -3.49631e-05 -0.0297161 -0.171624 0.171317 -0.314803 0.0834987 -0.122884 -0.420921 0.0256487 -0.399585 -0.0222402 -0.148895 0.108115 -0.224491 0.210001 0.0149266 0.129807 0.223545 0.35385 0.398268 0.217361 -0.182219 -0.247709 -0.240347 0.082932 -0.279913 0.063057 -0.238377 
0.320107 0.320687 -0.170511 -0.324959 0.222769 0.00583348 -0.0633271 -0.141125 0.00393274 -0.0563729 -0.260383 0.0443004 0.0164331 0.0925885 -0.49017 0.0515364 -0.283092 -0.11384 0.101659 -0.28968 -0.244061 -0.440313 0.151963 -0.0188288 0.140799 -0.148267 0.086352 -0.369435 0.176814 0.00485167 0.310137 -0.0327551 0.147575 -0.0124047 -0.144639 0.255586 -0.0907132 -0.218838 0.00460217 0.652499 -0.170086 -0.108061 -0.0965339 0.417821 -0.0984429 0.187255 0.0747827 -0.309057 0.447203 -0.445869 0.331454 -0.256796 -0.592506 0.280993 -0.0580616 -0.370004 0.262473 -0.0597784 0.19768 -0.132062 0.116779 -0.138903 -0.139366 -0.409028 
-0.0325206 0.187597 -0.539493 -0.0638623 -0.0342753 -0.274057 -0.101361 -0.0400255 -0.0709761 -0.0979169 -0.421113 -0.123227 0.362782 -0.313831 -0.198069 -0.421187 -0.0976664 -0.111491 0.580591 0.246536 -0.164244 0.847425 0.192424 -0.534263 0.149155 -0.184893 0.275597 0.0661964 -0.270868 -0.240558 0.263993 0.227609 -0.0135893 0.182504 0.0151216 -0.375355 -0.305883 -0.0067846 -0.00522341 0.164015 0.272006 0.00244018 0.116419 0.329268 -0.0727512 0.183077 -0.0921747 0.0313034 0.300384 -0.0516764 -0.25463 0.00131816 0.134492 0.0556359 -0.648051 0.237334 0.090505 -0.13426 -0.199537 -0.200526 0.247264 -0.251061 0.165948 -0.237583 
0.0565271 0.42296 -0.326123 -0.222693 0.355503 -0.265998 0.0982495 -0.0575286 0.108874 -0.0131702 -0.160182 0.177481 0.200006 0.16129 0.100764 -0.206313 -0.163012 0.215922 -0.158015 0.393607 -0.206098 0.179435 0.168507 -0.0511726 0.226762 -0.045869 -0.254445 0.141357 0.789698 0.19456 0.201647 -0.129195 0.0658041 0.365463 -0.411455 -0.239169 -0.0565883 -0.128024 -0.208068 0.0632706 -0.0173379 -0.212652 -0.432946 -0.501782 -0.258948 0.0166082 0.0585464 0.380412 -0.182192 0.0550863 0.137997 -0.393432 -0.208235 -0.299844 -0.0624715 -0.151512 0.142962 -0.21 0.261857 0.750222 -0.320448 0.119967 0.214468 0.0920855 
0.360425 0.0430375 -0.270511 -0.261816 0.117565 0.0041974 0.0358842 -0.155206 0.378691 -0.103096 -0.421284 0.0478922 0.177426 0.0219478 -0.242595 0.213072 0.00682084 0.394432 -0.00390608 0.0594298 -0.221022 -0.357177 0.201165 0.157429 0.234368 0.214897 -0.380494 0.131584 -0.436052 0.253098 0.0796987 -0.151366 0.268594 -0.150124 0.346328 0.101035 0.115926 0.0673677 -0.384407 0.575828 -0.569555 -0.274934 0.48648 -0.131179 -0.380768 0.00855794 -0.12375 0.175457 0.405084 0.0381969 0.10823 0.382296 -0.0240262 0.109469 -0.267935 0.0336129 -0.251798 0.00769107 -0.0383339 -0.476511 0.0299014 0.32312 0.105045 0.475445 
-0.0649851 0.410705 -0.0425986 0.165796 -0.158655 0.0212893 0.142693 0.0854212 -0.112125 0.143287 -0.554684 -0.0056563 0.0485719 -0.126527 -0.169822 -0.079317 0.215253 0.154044 0.089625 -0.292319 -0.0280517 0.100636 0.0497261 -0.0738183 -0.0601855 -0.201977 0.320429 -0.05131 -0.203144 0.132612 -0.0732395 0.0376883 0.224126 0.448279 0.291637 0.247017 0.183401 -0.102016 0.214126 0.23797 0.0739091 0.689888 -0.129404 -0.34377 -0.0678218 -0.374337 0.221229 -0.299417 0.146847 -0.11961 -0.518101 -0.466558 -0.112374 -0.379104 0.227278 0.0344331 0.320196 0.0689468 -0.462495 -0.140826 -0.0319599 0.226889 -0.130903 0.178491 
0.228591 -0.232086 0.136333 -0.254308 -0.106406 0.409775 0.0379285 -0.0617478 -0.342595 0.367839 -0.525599 -0.0541827 0.0410805 -0.21316 -0.234985 0.178077 0.0198563 -0.291262 -0.0218063 0.283717 0.117349 -0.37216 0.228156 -0.186898 -0.360176 0.0101825 0.448215 0.119343 -0.044594 0.377437 -0.164698 0.0566473 -0.0221758 0.332606 -0.165699 -0.232378 0.260421 0.163368 0.159357 -0.339524 0.520157 0.0241762 -0.00372045 0.411421 -0.359769 0.604635 -0.133568 0.112933 0.166628 -0.200242 0.164173 -0.101441 0.21517 0.111658 -0.389718 0.556759 0.38728 -0.179901 0.249083 0.107178 0.305995 0.153773 -0.17564 -0.359421 
-0.083801 0.258124 -0.192681 0.168598 -0.110044 0.0272251 0.0179589 -0.421494 -0.61174 0.166758 -0.123334 0.343185 -0.0408553 0.852374 0.0520517 0.248813 -0.463924 -0.235315 -0.31324 -0.0888514 0.280164 0.357559 -0.117854 -0.020905 0.084184 -0.283727 0.120176 -0.0767398 0.159581 -0.0676438 -0.210269 0.302585 -0.564757 -0.498283 -0.128763 -0.0516647 0.295459 -0.0368947 0.336599 -0.173042 0.0415641 0.0273186 -0.15755 -0.14778 -0.166252 -0.0757188 -0.507723 0.398306 0.0714271 -0.241344 0.276464 0.261024 -0.17715 0.53676 0.145198 0.0434758 -0.414619 0.421213 -0.104137 0.977685 0.154255 -0.111185 0.126767 0.0457107 
0.0488247 -0.126526 0.150268 0.304229 -0.171734 -0.356893 -0.531462 0.736271 -0.0496647 -0.202304 0.56758 -0.085749 -0.379631 -0.0311399 0.120263 0.321923 -0.728297 -0.0510191 0.311654 0.18794 0.077889 0.0863976 0.0887524 -0.156291 0.284194 -0.257004 -0.538391 -0.485845 0.309488 -0.0805165 -0.0529498 -0.0300478 -0.380868 -0.0518134 -0.101636 0.0498085 0.465425 0.303925 -0.0712046 0.0962367 -0.163749 -0.261989 -0.431438 -0.279383 0.0860727 -0.297142 0.107199 0.165331 0.028201 0.117659 0.188436 0.417219 0.144155 0.391695 0.278127 -0.372705 0.244936 0.39917 -0.216505 0.272558 -0.0448994 0.147648 0.231437 -0.0876312 
-0.0378652 -0.194931 0.174451 -0.152761 0.427234 -0.303029 0.115411 -0.353583 0.256829 -0.234566 0.105515 -0.628709 -0.240557 0.170464 0.151478 0.0171196 -0.0263605 -0.0312736 -0.133708 -0.354189 0.0894347 -0.09934 0.125914 0.0741339 -0.23912 -0.248961 0.074973 -0.246478 -0.336552 -0.0938336 0.28966 0.1132 -0.317408 0.336325 -0.23817 -0.177314 -0.066612 -0.276193 -0.403733 -0.334174 0.00895545 0.12803 -0.0646439 -0.503674 0.114579 0.133727 0.25117 -0.0165222 -0.290112 -0.168873 0.118957 0.0107579 -0.214227 -0.0318859 0.167652 -0.212994 0.119175 -0.0240329 -0.21722 0.136965 -0.263253 -0.212002 -0.184067 0.224602 
-0.311143 -0.107283 0.167875 -0.0177718 0.330346 -0.00353269 -0.157761 0.166419 -0.307606 0.43806 0.174376 -0.142216 0.492948 -0.525138 0.159847 0.200969 -0.19652 0.000797929 0.0720719 -0.580969 -0.0484529 -0.033007 -0.0770096 0.000156025 0.2744 -0.0279274 -0.0514633 0.137901 0.145832 0.562114 0.202432 -0.188867 0.507998 -0.359143 -0.349503 0.287815 -0.468293 -0.807886 -0.25182 -0.108952 0.475115 -0.157016 0.358025 0.395197 -0.212199 0.105648 0.0507958 -0.163467 -0.136881 -0.173788 0.323291 0.0123654 -0.228767 0.420205 0.384534 0.194577 -0.013814 0.476146 -0.536318 -0.00962587 -0.302778 0.028785 0.119198 0.0434338 
-0.473625 0.0746799 0.326566 -0.155129 0.341016 -0.233397 -0.355001 0.0976283 0.0902977 0.118493 0.523751 -0.0699765 0.49998 0.058603 0.203268 0.130321 0.219379 -0.303547 0.709706 0.0766231 -0.264249 0.337554 0.206213 -0.38196 -0.0933805 0.276848 0.22818 0.0354526 -0.207791 -0.381628 -0.25754 0.150871 0.0467967 0.0543035 0.172306 -0.0532886 -0.0300843 0.260378 -0.682317 0.337364 -0.0209804 0.142109 0.023859 0.160873 -0.240626 0.152797 -0.0598334 -0.168899 0.498861 -0.173501 -0.184235 0.340114 -0.167231 0.150188 -0.384399 0.242957 0.305523 0.147756 -0.451153 0.0846159 -0.205148 -0.385376 -0.38481 0.0575443 
0.529152 -0.0854796 -0.10799 -0.130784 -0.267644 0.35073 -0.0848494 -0.296948 0.0241659 0.0660078 -0.100454 0.20226 -0.180429 -0.553365 -0.198114 0.159823 0.293542 0.124936 -0.0920515 -0.306022 0.467026 0.268831 0.44743 0.275887 0.108195 -0.292419 0.521769 -0.167658 0.18501 0.16263 -0.166756 0.0107275 -0.182898 0.212624 0.232481 -0.390304 -0.302653 0.388054 0.274528 0.0833253 0.2621 0.127461 0.0406711 0.0243842 0.196934 0.0583627 -0.0925336 0.0935312 0.22973 -0.265719 0.0460618 -0.130671 0.142566 0.502902 -0.21118 -0.0498423 -0.197477 0.0221708 -0.000228049 0.116579 0.233778 0.507788 0.0917271 0.235526 
0.234001 0.161894 0.0128361 -0.0507467 0.184619 0.427099 0.15833 -0.232878 0.10267 0.329369 -0.165067 0.0588364 -0.438492 -0.122411 0.169609 -0.183314 0.149629 -0.377779 0.019252 0.0722195 0.212723 0.242956 -0.0937046 -0.00765927 -0.239041 -0.524483 0.166847 -0.0222292 -0.281494 -0.197258 -0.57109 -0.296748 0.120259 0.293504 -0.17241 -0.0447208 -0.184127 0.13937 0.0283061 0.377389 -0.0100092 -0.123161 0.132251 0.0501115 -0.121811 -0.22149 -0.226005 0.13517 0.204027 -0.170186 -0.130144 1.02983 -0.359284 -0.338805 0.0185646 0.286389 0.0734024 0.108569 -0.298102 -0.0191849 0.10591 -0.357812 0.119642 -0.12954 
-0.202551 0.227022 0.00901559 0.056951 -0.18713 -0.372202 0.244617 -0.400158 0.183268 0.724292 -0.630452 0.376252 0.0248545 -0.150473 -0.262006 0.14477 0.25702 0.238705 0.0348087 -0.204693 0.286771 0.0755537 -0.287619 0.123736 -0.432156 -0.460257 -0.205629 0.0151793 0.458748 -0.181447 0.101729 0.543355 -0.127194 0.432413 0.249695 0.0152828 -0.0120648 0.156072 0.096308 -0.0460461 0.0871422 0.13033 0.0964112 0.164113 0.389491 0.471955 -0.306564 -0.0400058 -0.121415 -0.0145285 0.22572 0.594535 0.166705 0.2282 0.0377505 -0.860355 0.0467204 -0.0794349 0.265452 0.121988 -0.0524655 0.0442505 -0.212032 -0.292816 
0.0998761 -0.08816 -0.117248 0.195739 0.036117 -0.0941314 0.0280466 -0.0924652 -0.0305177 -0.0573797 -0.0879369 0.0923815 -0.0732907 -0.0185545 -0.152076 0.103896 0.124877 0.219423 0.179723 0.00614412 -0.10101 -0.0413111 0.0178889 0.0309268 0.0686416 0.143841 0.0300698 0.0437146 -0.0145767 -0.0774394 0.0181161 -0.0618837 0.0781935 -0.0521444 -0.0582104 -0.0573245 -0.0371717 -0.0353515 0.030911 -0.107679 -0.0797696 0.117202 0.0287596 -0.0426099 -0.0224039 0.0423697 0.0324538 -0.0188993 -0.00480288 -0.00382385 0.065104 0.128766 0.00417565 0.169367 0.0316086 0.0475983 0.00354333 -0.098521 0.102242 -0.161495 0.0851425 -0.183493 -0.0487505 -0.250994 
0.0110423 
0.0640908 
0.124512 
-0.475139 
-0.234504 
-0.261182 
-0.123939 
0.0711413 
0.110143 
-0.0734241 
-0.0868129 
0.0691209 
-0.272643 
0.120711 
-0.123905 
0.198034 
0.0800336 
-0.0135582 
0.206117 
-0.154647 
-0.243419 
0.0221113 
-0.0304361 
-0.362249 
-0.237862 
0.112341 
-0.441302 
0.12203 
-0.129528 
-0.155538 
-0.0559466 
0.0933902 
0.192287 
0.0107709 
0.226126 
-0.0968573 
0.00844518 
-0.164053 
-0.232252 
0.107748 
-0.00790132 
-0.0508789 
-0.0294903 
-0.220178 
0.101908 
-0.0830806 
-0.104668 
-0.00665946 
-0.0301389 
0.265809 
0.373782 
-0.122182 
-0.0852542 
0.0947687 
0.465578 
0.0990842 
-0.259087 
-0.127061 
-0.365102 
0.213346 
0.139534 
-0.0077708 
-0.0424676 
-0.215732 
2.93093 

# Training State Metadata
FILENAME tetris_model_best_20260905_213952_score200.txt
EPSILON 1
EPSILON_MIN 0.05
EPSILON_DECAY 0.995
LEARNING_RATE 0.0015
GAMMA 0.99
TRAINING_EPISODES 0
TOTAL_GAMES 1
BEST_SCORE 200
AVERAGE_SCORE 0
PREVIOUS_AVG_SCORE 0
