# Neural Network Model File
# Saved: 2026-09-11 22:48:35
# Filename: tetris_model_best_20260911_score2637400.txt
#
-2.6286 0.0643917 7.25431 0.158379 0.6266 -1.91664 -1.14549 -2.14719 -1.28212 1.04616 0.952022 0.112253 -1.41343 -0.0806011 9.63811 9.95552 0.156352 -1.1852 -1.44657 6.08634 -1.08068 -1.01497 -2.25897 0.730629 -1.19061 -0.739907 -1.12759 2.95972 -1.24674 0.424169 -0.16225 -0.242145 -0.0581428 -4.99124 -0.0178208 -1.44587 -0.340984 0.211786 -1.4053 0.292089 0.357647 -0.711891 -1.76698 -1.81176 9.50286 -1.45666 -0.715556 -1.73912 -1.06141 9.20138 9.68288 -0.394779 0.169721 -1.05164 1.46259 0.414141 -1.06326 -1.47366 -0.802818 -0.441922 -1.44248 0.338074 -0.959103 -0.0553616 
-0.612528 -0.667214 7.66337 0.421812 -0.261627 -0.591718 -1.98809 -1.86388 -1.2344 3.3744 1.6313 -0.220353 -0.419487 -0.59898 9.55728 9.95966 -0.344073 -1.87442 -0.578027 5.14736 -0.968107 -0.186369 -0.748564 0.368695 -0.680192 0.476678 -1.27787 2.53859 -1.47138 0.694227 -2.23462 -0.472775 0.156558 -4.42065 -0.412539 -0.98534 1.72112 -1.10198 -0.251721 -0.571811 -0.344364 -2.33528 -0.648939 -1.30285 9.39016 -0.571121 0.176196 0.243974 -0.72229 9.20604 9.61448 0.959474 -0.199331 -0.907983 2.32306 0.295188 -0.328471 -1.80119 -0.0532044 -0.862996 -1.19854 1.11937 3.01555 -0.124874 
-0.507055 -0.475518 7.23891 -0.908872 -0.407547 0.238843 0.668303 -0.785382 -0.99691 3.06159 0.519943 -0.818745 -0.223732 -0.560275 9.497 9.9977 -0.519811 -0.313927 -1.15914 3.08417 -0.533811 -0.424066 -1.91471 -0.059935 -0.264301 1.69578 -1.64963 1.02378 -0.586306 0.776259 -1.68899 -0.698488 -1.37871 -3.4654 -0.298382 -0.703466 0.314473 -0.987063 0.288123 -0.496297 1.23618 0.684209 -0.422831 -0.713616 9.21386 -0.176012 -1.24847 -0.14318 -0.944512 8.98096 9.58157 -0.328484 -0.606592 -1.18529 1.68191 -1.55702 -0.0754364 -0.0011344 -0.741129 -1.06288 -2.51749 1.84832 -1.13424 -0.901132 
1.13771 -0.375099 7.19767 -0.760585 -1.00211 0.0977469 1.21973 -0.907381 -0.444012 1.12384 0.953025 -0.371951 -1.4023 -0.244833 9.47599 9.99729 -0.339669 -0.149298 -0.99658 3.73332 -0.914294 -0.772245 -1.28242 -0.590784 -1.74906 1.64865 -0.994385 1.45327 -0.870282 -1.56834 -2.05958 -0.645439 -0.336122 -3.65076 -0.510279 -1.32698 0.847535 -0.898523 -0.555034 -0.384628 -0.0821106 1.29801 -1.26861 -1.31615 9.17103 -0.981349 -0.349264 -0.413255 -1.03619 8.92241 9.56368 -0.319388 -0.290721 -1.48187 2.05016 -0.989544 -0.68376 -0.473676 -1.04634 -1.16318 -1.00052 0.413929 -0.703279 -0.509075 
0.987817 -0.342533 7.32312 -1.00954 -1.56288 -1.22499 1.59948 -1.42135 -1.1069 0.636382 0.088678 0.169655 -0.364409 -0.300714 9.53292 9.99747 -0.325094 -0.0216348 -1.0265 3.59412 -1.26897 0.0546528 -0.0933542 0.332173 -1.87544 1.33834 -0.026954 0.48865 0.128506 -1.4401 -1.06185 0.237632 -0.0692191 -4.07642 -0.422195 -1.15144 0.101761 -0.143206 -0.718808 -0.476477 0.523636 2.09058 -0.65194 -0.869415 9.21069 -0.908496 -0.859643 -0.901668 -1.42715 8.97807 9.63231 -0.383809 -0.618785 -0.878301 0.915674 -0.304518 -0.727021 -0.918615 -0.96876 -0.832846 -1.23306 -1.29001 -0.701174 -0.270295 
0.276207 -0.5195 7.35127 0.159015 -1.18293 -0.202817 0.418694 -1.23914 -0.352232 -2.34077 2.15844 -0.68024 -0.869502 -0.4481 9.59132 9.9979 -0.417162 0.0117067 -0.789444 4.18309 -0.896628 -0.524821 -0.152054 -0.698733 -1.51887 0.686768 -0.828837 1.37876 -0.715686 -1.52373 -1.43195 -0.705492 -0.712713 -3.41099 -0.562485 -0.71456 1.17277 0.00109165 -0.861407 -0.398731 -0.663793 1.74407 -0.75002 -0.647978 9.35288 -0.111138 0.109935 -0.470637 -0.973327 9.09825 9.66642 -0.55516 0.39437 -0.935934 2.05034 -0.187148 -1.17582 -0.425932 -0.904678 -0.365331 1.22551 -0.936953 -0.149706 -0.260388 
0.156873 -0.407671 7.5732 -0.114972 -0.996351 -0.186254 0.233748 -0.760403 -1.04103 -1.20884 0.57631 -0.54416 -0.358317 -0.1651 9.65486 9.99799 -0.36747 0.836129 -1.15427 4.47806 -0.960408 -0.520285 1.12511 0.128731 -0.421882 1.08564 -0.641698 0.712484 -0.293798 -0.891184 0.194111 -0.504841 -0.525262 -3.64704 -0.313016 -0.954386 1.08797 -0.178548 -0.344526 -0.445387 -0.383745 1.04514 -0.8991 -1.0068 9.44813 -0.21426 -0.535504 -0.883137 -1.34084 9.33572 9.71181 0.724114 -0.55455 -1.02126 1.00951 -0.227715 -0.458875 -0.532588 -0.537833 -0.880521 2.47184 0.0434221 0.208157 -0.502261 
0.524196 -0.439695 7.39804 0.964137 -0.589744 -0.100424 -1.1042 -0.415025 -0.507605 -3.43164 1.76148 -0.21095 -0.471702 -0.604226 9.59121 9.99787 -0.340005 -0.437952 -1.20506 3.3348 -0.724258 -0.514097 2.35097 0.185388 -0.211772 -1.36621 -1.07923 0.995571 -0.476318 -1.40545 -1.6427 -0.336218 -1.18154 -3.66298 -0.463861 -0.489915 3.027 -0.0213725 -0.662282 -0.422153 -0.472673 -0.549716 -1.16726 -0.69866 9.32339 -0.662226 -0.921825 -0.0893855 -0.74642 9.18543 9.67146 0.344593 0.564427 -0.38282 0.598364 -0.367889 -0.665959 -0.360554 -0.455921 -0.138987 1.96615 0.277495 1.13163 -0.562416 
2.44633 -0.304912 7.70781 0.314024 -0.845311 -0.724984 -0.948085 -0.351255 -0.289577 -1.3495 1.47289 -0.268649 0.0549349 -0.363277 9.794 9.99708 -0.59432 -1.08434 -0.36966 4.51662 -0.160684 -0.197218 4.43003 0.925592 -0.187555 -2.61052 -0.345589 1.97519 -1.07847 0.518724 0.420324 0.00936986 -0.542156 -3.93837 -0.306509 -0.39052 1.72441 -0.648742 -0.0978917 -0.342641 -1.27442 -0.499885 0.590189 -0.186105 9.6535 0.029498 -0.144914 -0.680619 -0.535648 9.5185 9.82891 -0.137918 0.0384159 -1.20127 2.94527 -1.74836 -0.271478 -0.114918 -0.363275 -0.0899073 2.32934 0.115828 1.64558 -0.515071 
-2.05568 -0.370808 6.58818 -0.636711 0.334085 -2.21596 -2.65988 -1.17567 0.24103 -2.19603 0.724349 -0.637261 -0.658929 -0.296057 9.74914 9.99683 -0.0173404 -1.09996 -1.19918 4.89717 -0.785179 -0.858223 -0.473546 1.03369 -1.16461 -2.62057 -1.66717 1.29841 -0.626522 -1.29039 -0.00350511 -0.652385 -0.126637 -4.70469 -0.00499624 -0.805092 -0.562992 -0.291256 -1.04828 -0.301954 0.133148 0.0195217 -0.51713 -1.05534 9.48129 -1.19769 -0.470495 -0.948384 -1.20281 9.04088 9.81297 -0.432388 -0.675597 -0.83702 1.4929 -0.901908 -0.613699 -1.01355 -0.722097 -0.0480832 0.612961 -0.477574 -2.13083 -0.155256 
0.0964542 -0.530723 5.61889 3.78423 -1.21872 -0.835744 -0.115778 -0.590599 -0.222732 -0.984321 7.34097 -0.656583 -1.2349 -0.196676 9.57338 9.99673 -0.621295 -1.19964 -1.22019 5.82319 -0.728345 -0.504219 0.710504 2.82963 -0.807516 -1.08556 -1.10562 2.80517 -0.643129 -0.91719 -4.87652 -0.228699 -1.55605 -5.22052 -0.390898 -1.39542 3.66434 -0.360483 -0.522193 -0.166914 -2.16208 -0.296087 -1.31184 -1.61968 9.26553 -0.815884 -0.641217 -0.155713 -1.10868 8.73195 9.66043 -0.453784 2.89683 -0.936657 4.3057 -1.15536 -1.07826 -0.58325 0.621754 0.217527 -1.41518 0.485586 0.867124 -0.768895 
9.06141 2.95316 -0.253263 9.99974 6.00495 4.06114 4.9369 4.67597 2.67469 7.37721 9.99863 3.01582 5.06313 3.03157 8.52119 -7.13635 2.69281 3.85764 6.07049 9.9987 4.13939 3.37305 5.33489 7.01976 5.52009 5.32713 7.47248 9.9987 4.2928 5.83784 8.09183 2.62645 3.79375 3.20309 2.61595 5.95745 6.98004 2.66686 5.26346 2.77589 8.43181 9.965 6.45111 6.49378 -4.90111 5.03072 3.09116 5.10494 4.64884 -4.62614 -5.98783 6.35943 9.99974 6.32401 7.59918 3.62478 5.27542 4.47117 6.24921 3.23289 4.29573 6.91974 9.04942 3.35465 
2.94114 0.83708 7.3754 5.99098 1.95233 0.845858 1.73939 1.48847 1.12565 1.42763 6.73868 0.316151 1.97677 1.15043 9.98688 8.75719 0.780662 1.70239 2.25762 3.70647 1.70562 1.14628 1.41795 3.47996 1.65625 1.26197 2.8459 4.16624 1.16164 1.36463 -0.17912 0.932723 1.61596 -0.0449516 0.231621 1.99647 2.70325 0.676134 1.98275 0.756403 1.45242 4.17885 2.38344 1.94702 9.09485 1.56196 0.712908 1.84136 1.56397 8.55025 9.2454 1.73347 4.76709 2.69416 3.28023 0.986081 2.57 1.58136 2.69142 0.534968 -0.106218 1.30055 3.64827 0.417707 
0.875952 0.118074 7.94928 -1.14941 1.85172 1.10448 1.21526 2.03208 0.761697 0.319199 -0.962561 -0.185087 1.67574 -0.155467 9.85471 9.99612 -0.491459 -0.140262 1.80543 -1.27208 2.07455 -0.463039 -0.13809 1.51837 1.95572 0.221675 1.45773 -0.592893 0.188325 1.25782 2.18346 -0.284675 0.335373 -0.164133 -0.370078 1.48088 -0.790122 -0.413178 1.50677 -0.0603188 3.32429 1.6419 0.858344 1.71792 9.54072 1.56323 -0.288186 -0.401339 1.72898 9.16282 9.88814 1.21633 -0.630019 1.79743 -2.13493 0.0906624 2.05257 2.14451 2.17881 -0.33509 0.2183 1.10352 0.380036 -0.563229 
1.42742 -0.0346501 7.64437 -0.994767 1.39071 0.723065 1.19304 1.32352 -0.452706 2.41112 -1.06822 -0.215986 1.49551 -0.403656 9.97993 9.99366 -0.437521 0.812259 1.83055 -0.59845 1.43996 0.849389 -0.619814 0.98343 1.54669 0.311782 1.4206 -0.590816 -0.6301 2.30635 2.49649 -0.205238 0.0580203 -0.341001 -0.277487 1.33146 -1.2758 -0.210166 1.42995 -0.101321 1.04368 1.18727 1.62503 1.81454 9.95004 1.88279 0.0558014 -0.524014 1.88949 9.58308 9.98667 0.868344 -0.113429 1.63174 -2.21496 -0.504662 1.95012 1.54164 0.944331 -0.244281 -0.256864 0.786112 2.01956 -0.366124 
1.41113 -0.0229155 7.84785 -0.949962 2.77125 0.798733 1.55393 0.892229 -0.262747 2.39898 -1.25754 -0.191561 1.33167 -0.320026 8.52807 9.99723 -0.524121 0.719853 1.60445 -1.54227 0.603037 0.508969 0.0336049 0.894516 1.80508 0.1078 1.80681 -0.455462 1.675 1.69819 3.65708 -0.404438 -0.231272 -0.65235 -0.660982 1.62099 -0.719077 -0.223774 1.1645 -0.174681 0.327761 1.02457 1.80306 1.20949 9.62492 0.91597 -0.532206 1.60814 0.629462 9.31312 9.91014 0.376159 -0.576671 0.534622 -2.19006 -0.00175114 1.36673 0.814498 1.01472 0.553868 -0.189363 1.16913 1.71733 -0.3246 
1.59646 -0.245109 8.47441 -0.817242 1.61871 0.544383 1.67247 0.974566 -0.424204 1.31036 -1.45607 -0.268778 1.69745 -0.364061 9.98742 9.99976 -0.427655 0.806597 1.47343 -1.17448 0.97366 -0.272429 0.646583 1.05825 1.79406 1.0563 2.04664 -0.401191 0.146209 1.65432 1.2943 -0.425687 1.32309 -0.497261 -0.200506 1.47292 -0.711389 -0.172186 0.955328 -0.112584 0.830968 0.991285 1.68438 1.3293 9.91183 1.03317 -0.551499 1.01184 1.63253 9.70173 9.99744 3.35576 -0.483128 1.96356 -2.42264 0.0446187 1.00759 1.22027 1.58656 -0.692168 0.179032 1.25548 1.72578 -0.164133 
2.12116 0.100505 7.72122 -0.993438 1.2766 0.754247 1.37261 1.70095 0.0222846 2.43613 -0.677509 -0.170856 1.87098 -0.326888 9.98638 9.99332 -0.391231 1.09128 1.56442 -1.18188 1.71098 0.697309 -0.987471 2.20137 1.39655 -0.101093 1.47235 -0.619896 0.0117329 2.10049 1.54979 -0.169743 0.095142 -0.276976 -0.152077 1.48383 -0.666347 -0.264644 1.60539 -0.0252084 2.16495 1.4802 1.77869 1.28942 9.80201 1.47826 0.0910569 -0.490928 1.92997 9.45791 9.98753 1.63273 -0.588329 1.43948 -2.23858 -0.0187762 1.68524 1.54495 1.11557 -0.259888 -0.156748 1.37947 1.92512 -0.138927 
1.9568 -0.464479 6.86818 -0.932228 1.29786 0.611045 1.08946 1.59639 -0.654545 1.2229 -1.90977 -0.0883412 1.55029 -0.511538 9.76612 9.94157 -0.374305 0.645055 1.16342 -1.5327 1.87093 -0.169719 0.471177 1.46242 1.49165 -0.684326 1.29108 -0.457325 -0.18146 1.18837 2.5887 -0.266253 -0.275569 0.190934 -0.395443 1.30082 -1.9042 -0.332889 2.13809 -0.593918 1.3285 1.14337 1.42174 1.64019 9.26954 1.81662 -0.307722 -0.243273 2.11321 8.89807 9.80261 1.2536 -0.460827 2.04172 -3.02954 -0.152351 2.17312 1.58788 1.94697 -0.195691 0.430039 2.56821 2.10039 -0.631352 
1.368 -0.0825633 6.72333 -0.908123 1.98799 0.651135 0.385202 1.33634 -0.666601 0.98781 -1.41421 -0.0802978 1.66549 -0.158458 9.87206 9.79634 -0.459296 -0.672125 1.0719 -0.780783 1.92631 0.776473 0.67529 1.34115 1.82017 -0.0405641 1.49356 -0.580361 0.172999 1.71021 1.68978 -0.199047 -0.556675 -0.467854 -0.284988 1.82069 -0.826758 -0.134983 1.7497 -0.1217 2.18901 1.58818 0.731976 1.46102 9.50779 1.70737 -0.549948 1.74753 2.0216 8.99904 9.8699 1.41217 -0.804822 2.46385 -2.44154 0.331202 0.928327 1.56593 1.21107 -0.0405944 -0.331118 0.981786 1.84615 -0.174149 
6.66244 -0.71129 9.60482 1.75527 -3.47556 -0.116322 -0.575398 0.23549 -0.928317 2.26926 2.23065 -0.757241 -0.190119 -0.413673 8.21144 9.92429 -0.973129 0.11707 -0.0894692 -0.221449 -0.515544 -0.376581 4.60711 -2.52745 -0.940792 -0.159153 -1.1467 -1.06148 -1.07063 -1.58276 -1.31805 -0.450009 -0.198625 -1.07442 -0.456396 -0.18192 1.97349 -0.199067 -0.469248 -0.349669 -3.90564 -0.746626 0.715965 -1.02294 9.97782 -0.269531 0.210627 0.284847 -0.814747 9.97381 9.98407 -0.543022 0.987765 -0.711938 0.986063 -2.37304 -0.416174 -0.173421 -1.41003 -0.327569 0.921973 -0.457146 8.06977 -0.435722 
-0.205351 -0.606716 7.3297 -0.406875 -0.11762 -0.947056 -0.274397 -1.55505 -0.188103 -0.445682 1.18708 -1.03218 -0.912748 -0.172214 9.61024 9.99749 -0.431095 -0.617067 -1.23098 4.04576 -0.79637 -0.564202 0.310579 0.403823 -1.05828 -0.388822 -0.798996 1.13355 -1.05799 -0.660919 -0.594188 -0.251868 -0.900044 -3.67849 -0.611442 -1.08946 0.853542 -0.736087 -1.065 -0.707917 -0.134995 0.31599 -0.87783 -1.37494 9.39265 -0.597424 -0.10642 -0.604947 -1.41972 9.15217 9.67856 0.0388291 -0.479266 -1.04596 1.74663 -0.847634 -0.506406 -0.875706 -0.961222 -0.447692 -0.207064 -0.0786227 -0.352271 -0.0341928 
-0.401077 -0.226079 6.86466 1.01548 -1.26609 -0.0200497 0.896065 0.0679024 -0.925332 0.28767 0.458903 -0.316125 0.87528 -0.495193 9.79938 9.99783 -0.205958 -0.233667 0.476991 3.38619 -0.145518 -0.104093 1.34211 1.10063 -0.0143495 -1.63639 -0.439547 1.91478 0.114108 0.231425 2.0476 -0.435434 0.569978 -3.75458 -0.207668 0.676613 -1.26712 -1.16342 -0.0971336 -0.418509 0.75688 -2.2221 0.833312 0.00487806 9.54257 0.504494 -0.4541 -0.369532 0.0212976 9.07755 9.85072 0.920175 0.0919471 0.507402 -2.36034 -0.860103 -0.00923324 0.609615 0.148878 -0.365623 -0.576319 1.40422 0.506642 -0.157758 
-0.473625 0.0746799 0.326566 -0.155129 0.341016 -0.233397 -0.355001 0.0976283 0.0902977 0.118493 0.523751 -0.0699765 0.49998 0.058603 0.203268 0.130321 0.219379 -0.303547 0.709706 0.0766231 -0.264249 0.337554 0.206213 -0.38196 -0.0933805 0.276848 0.22818 0.0354526 -0.207791 -0.381628 -0.25754 0.150871 0.0467967 0.0543035 0.172306 -0.0532886 -0.0300843 0.260378 -0.682317 0.337364 -0.0209804 0.142109 0.023859 0.160873 -0.240626 0.152797 -0.0598334 -0.168899 0.498861 -0.173501 -0.184235 0.340114 -0.167231 0.150188 -0.384399 0.242957 0.305523 0.147756 -0.451153 0.0846159 -0.205148 -0.385376 -0.38481 0.0575443 
0.529152 -0.0854796 -0.10799 -0.130784 -0.267644 0.35073 -0.0848494 -0.296948 0.0241659 0.0660078 -0.100454 0.20226 -0.180429 -0.553365 -0.198114 0.159823 0.293542 0.124936 -0.0920515 -0.306022 0.467026 0.268831 0.44743 0.275887 0.108195 -0.292419 0.521769 -0.167658 0.18501 0.16263 -0.166756 0.0107275 -0.182898 0.212624 0.232481 -0.390304 -0.302653 0.388054 0.274528 0.0833253 0.2621 0.127461 0.0406711 0.0243842 0.196934 0.0583627 -0.0925336 0.0935312 0.22973 -0.265719 0.0460618 -0.130671 0.142566 0.502902 -0.21118 -0.0498423 -0.197477 0.0221708 -0.000228049 0.116579 0.233778 0.507788 0.0917271 0.235526 
0.234001 0.161894 0.0128361 -0.0507467 0.184619 0.427099 0.15833 -0.232878 0.10267 0.329369 -0.165067 0.0588364 -0.438492 -0.122411 0.169609 -0.183314 0.149629 -0.377779 0.019252 0.0722195 0.212723 0.242956 -0.0937046 -0.00765927 -0.239041 -0.524483 0.166847 -0.0222292 -0.281494 -0.197258 -0.57109 -0.296748 0.120259 0.293504 -0.17241 -0.0447208 -0.184127 0.13937 0.0283061 0.377389 -0.0100092 -0.123161 0.132251 0.0501115 -0.121811 -0.22149 -0.226005 0.13517 0.204027 -0.170186 -0.130144 1.02983 -0.359284 -0.338805 0.0185646 0.286389 0.0734024 0.108569 -0.298102 -0.0191849 0.10591 -0.357812 0.119642 -0.12954 
-0.202551 0.227022 0.00901559 0.056951 -0.18713 -0.372202 0.244617 -0.400158 0.183268 0.724292 -0.630452 0.376252 0.0248545 -0.150473 -0.262006 0.14477 0.25702 0.238705 0.0348087 -0.204693 0.286771 0.0755537 -0.287619 0.123736 -0.432156 -0.460257 -0.205629 0.0151793 0.458748 -0.181447 0.101729 0.543355 -0.127194 0.432413 0.249695 0.0152828 -0.0120648 0.156072 0.096308 -0.0460461 0.0871422 0.13033 0.0964112 0.164113 0.389491 0.471955 -0.306564 -0.0400058 -0.121415 -0.0145285 0.22572 0.594535 0.166705 0.2282 0.0377505 -0.860355 0.0467204 -0.0794349 0.265452 0.121988 -0.0524655 0.0442505 -0.212032 -0.292816 
-2.75023 -2.06738 -6.20728 -7.07632 -2.07405 -1.48843 -3.01757 -2.30685 -1.0941 -2.59221 -6.09978 -1.57821 -2.78403 -2.55334 9.67049 9.98654 -2.20684 -2.35669 -2.25571 0.437607 -2.36282 -2.33658 -1.06919 -4.71018 -2.25985 -1.93147 -2.40243 0.274878 -1.86386 -2.27569 2.11079 -2.23304 -2.04414 -9.63329 -2.32474 -2.16692 -3.39621 -1.55568 -2.99444 -2.38593 -2.76572 -4.40815 -2.70894 -1.96214 7.72969 -2.97577 -1.69482 -2.34384 -2.25906 5.50693 9.86713 -2.11817 -6.18424 -2.60151 -3.66378 -0.492794 -2.87329 -2.75284 -3.03533 -2.10258 -0.517769 -2.23627 -3.26846 -2.21646 
-9.48254 
-9.92444 
-0.272288 
-9.94938 
-9.97737 
-9.88725 
-9.68959 
-9.99555 
-10 
-9.8668 
-9.51261 
-9.88806 
-9.9952 
-9.91887 
-0.110595 
-0.0199075 
-9.93734 
-9.85451 
-9.86523 
-9.63542 
-9.99798 
-9.99932 
-8.95088 
-10 
-9.9084 
-9.20222 
-9.77947 
-7.71051 
-9.5411 
-10 
-7.45724 
-9.951 
-9.77664 
-8.45565 
-9.97194 
-9.88471 
-9.58415 
-9.94554 
-9.89725 
-9.93585 
-9.69014 
-9.2957 
-9.78779 
-10 
-0.166038 
-9.9956 
-9.92813 
-9.61539 
-9.99673 
-0.197156 
-0.097491 
-10 
-9.95631 
-9.98746 
-9.8747 
-9.99828 
-10 
-10 
-9.99646 
-9.86064 
-9.93218 
-7.56439 
-9.75445 
-9.90509 
9.96695 

# Training State Metadata
FILENAME tetris_model_best_20260911_score2637400.txt
EPSILON 0.112425
EPSILON_MIN 0.05
EPSILON_DECAY 0.995
LEARNING_RATE 0.0015
GAMMA 0.99
TRAINING_EPISODES 84907
TOTAL_GAMES 436
BEST_SCORE 2637400
AVERAGE_SCORE 13200
PREVIOUS_AVG_SCORE 13200
