# Neural Network Model File
# Saved: 2026-09-08 10:09:49
# Filename: tetris_model_best_20260908_100949_score2637400.txt
#
-3.20832 -0.0394183 8.2838 0.0546831 0.502351 -2.02049 -1.24942 -2.25099 -1.38596 0.66661 0.349377 0.00842342 -1.51726 -0.184394 9.99991 9.99774 0.0525657 -1.28902 -1.55042 5.56981 -1.18442 -1.11873 -2.8649 0.624929 -1.29445 -0.754025 -1.23151 2.42876 -1.35073 0.321915 -0.302616 -0.345931 -0.162028 -5.09605 -0.121596 -1.54974 -0.937646 0.107998 -1.5091 0.188297 0.465216 -0.560562 -1.87083 -1.91551 9.98785 -1.56038 -0.819339 -1.84311 -1.16515 9.80466 9.99954 -0.645493 0.0660023 -1.15537 0.748448 0.310271 -1.16699 -1.57741 -0.906625 -0.545745 -1.52012 -0.183286 -1.52947 -0.159161 
-0.87621 -0.698676 8.76826 0.390464 -0.302753 -0.623212 -2.01966 -1.89532 -1.2659 3.1103 1.0757 -0.251829 -0.45096 -0.630427 9.9999 9.99769 -0.375513 -1.90588 -0.609518 4.98981 -0.999497 -0.217785 -1.15709 0.321755 -0.711677 0.544625 -1.30943 2.36476 -1.50301 0.662535 -1.98273 -0.504213 0.125029 -4.45359 -0.443967 -1.01685 1.24196 -1.13341 -0.283169 -0.603254 -0.15479 -2.15082 -0.680423 -1.33426 9.99018 -0.602488 0.144765 0.212346 -0.753671 9.90071 9.99953 0.817061 -0.230704 -0.939369 1.60595 0.263671 -0.359854 -1.83259 -0.0846612 -0.894468 -1.17094 0.753671 2.81028 -0.156323 
-0.298263 -0.429955 8.71533 -0.863171 -0.366323 0.284336 0.713715 -0.739818 -0.951375 3.1042 0.23484 -0.773209 -0.1782 -0.514691 9.99989 9.99743 -0.474219 -0.268381 -1.11365 3.31088 -0.488193 -0.378457 -2.03072 -0.179979 -0.218792 1.90265 -1.6042 1.22829 -0.540972 0.820062 -1.25033 -0.652896 -1.33324 -3.42215 -0.252777 -0.657988 0.0772964 -0.94148 0.333681 -0.450711 1.47006 0.97948 -0.377334 -0.668 9.99209 -0.130358 -1.20288 -0.097838 -0.898895 9.91205 9.99947 -0.268986 -0.560911 -1.13967 1.16162 -1.51154 -0.0297988 0.0444883 -0.695559 -1.01733 -2.44315 1.8894 -0.809918 -0.855558 
1.32785 -0.300335 8.78473 -0.685665 -0.90572 0.172436 1.29432 -0.832615 -0.369287 1.20042 0.706911 -0.297216 -1.32757 -0.170047 9.9999 9.9977 -0.264874 -0.0745513 -0.92189 4.10686 -0.839462 -0.697427 -1.40074 -0.569216 -1.67436 1.88324 -0.919772 1.80135 -0.795766 -1.49383 -1.50742 -0.570641 -0.261464 -3.57855 -0.435468 -1.25231 0.681116 -0.823736 -0.480271 -0.30984 0.15467 1.62536 -1.19392 -1.24133 9.9942 -0.906479 -0.274471 -0.338729 -0.961362 9.91745 9.99953 -0.206258 -0.215827 -1.40702 1.54081 -0.914863 -0.608914 -0.398846 -0.971573 -1.08843 -0.839908 0.565376 -0.31425 -0.434299 
1.38128 -0.2721 8.91188 -0.938986 -1.4825 -1.15464 1.66976 -1.35094 -1.0365 0.810697 0.20029 0.240061 -0.294018 -0.23026 9.99991 9.99784 -0.254636 0.0487675 -0.956141 3.94521 -1.19849 0.125131 -0.17289 0.409425 -1.80506 1.58382 0.0433512 0.818578 0.198726 -1.36965 -0.874837 0.308092 0.00112527 -4.00819 -0.351724 -1.0811 0.265564 -0.0727568 -0.648389 -0.406024 0.645084 2.36522 -0.581587 -0.798935 9.99498 -0.837986 -0.789192 -0.83143 -1.35667 9.92936 9.99955 -0.222448 -0.548247 -0.807805 0.732 -0.234159 -0.656536 -0.84813 -0.898331 -0.762422 -1.01555 -1.0023 -0.460406 -0.199854 
0.573394 -0.483781 8.72407 0.194833 -1.14837 -0.167165 0.45429 -1.20343 -0.316548 -2.38114 1.95256 -0.644545 -0.833827 -0.412362 9.9999 9.99778 -0.38142 0.0474102 -0.75378 4.36059 -0.86088 -0.48907 -0.276867 -0.615783 -1.4832 0.840713 -0.793224 1.54295 -0.680123 -1.48799 -1.112 -0.66975 -0.677063 -3.37649 -0.526736 -0.678918 1.02837 0.0368218 -0.825699 -0.362994 -0.612265 2.00806 -0.714355 -0.612226 9.99372 -0.0753583 0.145671 -0.435077 -0.937582 9.89337 9.99954 -0.597851 0.430173 -0.900176 1.70432 -0.151509 -1.14005 -0.39018 -0.868967 -0.329615 1.47306 -0.91105 -0.0701201 -0.224658 
-0.0702419 -0.474677 8.59761 -0.181867 -1.06243 -0.253312 0.166616 -0.82741 -1.10806 -1.4782 0.0999502 -0.611186 -0.42535 -0.232089 9.9999 9.99778 -0.434453 0.769108 -1.22132 4.14293 -1.02736 -0.587253 0.596645 0.147394 -0.488929 1.11773 -0.708816 0.359327 -0.360981 -0.958147 0.218195 -0.571823 -0.592346 -3.71573 -0.379989 -1.02145 0.64749 -0.245538 -0.411534 -0.512375 -0.291455 1.24824 -0.966157 -1.07375 9.99299 -0.281187 -0.602489 -0.950315 -1.40779 9.90594 9.99954 0.518201 -0.621464 -1.0882 0.395866 -0.294784 -0.525816 -0.599543 -0.604837 -0.947536 2.33976 -0.518439 -0.149896 -0.569258 
0.41283 -0.438662 8.63831 0.965277 -0.58767 -0.0994417 -1.10328 -0.413991 -0.506603 -3.63291 1.47998 -0.209937 -0.470695 -0.603176 9.99991 9.99781 -0.33895 -0.436931 -1.20408 3.34202 -0.723177 -0.513031 1.99285 0.256919 -0.210778 -1.26358 -1.07829 0.983836 -0.475445 -1.40438 -1.50501 -0.335162 -1.18058 -3.66354 -0.462796 -0.488944 2.82336 -0.0203245 -0.66125 -0.421102 -0.26636 -0.256019 -1.16626 -0.697583 9.99331 -0.66112 -0.920771 -0.0885121 -0.745339 9.90814 9.99955 0.189777 0.565546 -0.381733 0.169949 -0.366919 -0.664867 -0.359476 -0.454888 -0.137962 1.8953 0.105109 0.960283 -0.561373 
1.7614 -0.455496 8.47299 0.163544 -0.998653 -0.875637 -1.0988 -0.501859 -0.440193 -1.76773 0.280866 -0.419257 -0.0956928 -0.513846 9.9999 9.99749 -0.744886 -1.23495 -0.520306 3.76345 -0.311238 -0.347773 3.81405 0.546123 -0.338189 -2.73782 -0.49628 1.20953 -1.22922 0.369955 0.509887 -0.141195 -0.69281 -4.08994 -0.457066 -0.541181 0.680792 -0.799316 -0.248494 -0.493209 -1.23286 -0.47464 0.43954 -0.336661 9.98729 -0.121033 -0.295485 -0.831359 -0.686212 9.86907 9.99948 -0.471214 -0.112082 -1.35181 1.74397 -1.89902 -0.422026 -0.265471 -0.513869 -0.240502 2.05314 -0.830413 1.22285 -0.665648 
-1.8094 -0.382385 8.01776 -0.648184 0.320359 -2.22762 -2.6716 -1.18728 0.229424 -2.30832 0.349483 -0.648866 -0.670565 -0.307614 9.9999 9.99754 -0.0288958 -1.11157 -1.21084 4.83842 -0.796733 -0.869768 -0.312483 0.755658 -1.17625 -2.61372 -1.67887 1.2294 -0.638289 -1.29927 0.207498 -0.663939 -0.138292 -4.7172 -0.016543 -0.816764 -0.835022 -0.302825 -1.05989 -0.313513 0.343996 0.150573 -0.528794 -1.0669 9.98655 -1.20922 -0.482062 -0.960133 -1.21438 9.77722 9.9995 -0.483065 -0.687083 -0.848565 0.97787 -0.91357 -0.625246 -1.0251 -0.733686 -0.0596677 0.938849 -0.65913 -1.63367 -0.166827 
0.00479503 -0.579145 7.39954 3.73596 -1.25869 -0.884256 -0.164383 -0.639027 -0.27119 -1.06007 6.75021 -0.70504 -1.28337 -0.245075 9.99989 9.99736 -0.669688 -1.2481 -1.26869 5.58302 -0.776707 -0.552589 0.294965 2.63134 -0.856 -0.952231 -1.15419 2.54242 -0.691805 -0.963176 -4.70927 -0.277091 -1.60457 -5.27081 -0.439277 -1.44394 3.13529 -0.408888 -0.57063 -0.215312 -1.97974 -0.104265 -1.36035 -1.66804 9.98812 -0.864211 -0.689615 -0.204377 -1.15705 9.71463 9.99946 -0.541029 2.84853 -0.985006 3.49038 -1.20387 -1.12662 -0.631612 0.57333 0.16909 -1.47993 0.187064 0.783533 -0.817307 
8.95122 2.92577 -0.253186 9.99856 5.97763 4.03375 4.9095 4.64858 2.64731 7.32157 9.9919 2.98844 5.03574 3.00418 8.49189 -7.20981 2.66543 3.83025 6.0431 9.99282 4.11201 3.34568 5.22401 6.9884 5.4927 5.30476 7.44509 9.99356 4.2654 5.81046 8.05291 2.59907 3.76636 3.17555 2.58857 5.93007 6.83745 2.63947 5.23607 2.7485 8.40566 9.94802 6.42372 6.4664 -4.91178 5.00334 3.06378 5.07754 4.62147 -4.63193 -6.02357 6.30438 9.99856 6.29664 7.4532 3.59739 5.24804 4.4438 6.22182 3.2055 4.21414 6.7818 8.95398 3.32726 
2.86934 0.841381 7.5863 5.99529 1.96334 0.850151 1.74366 1.49277 1.12995 1.47735 6.65737 0.320448 1.98107 1.15473 9.99999 8.55987 0.784965 1.70668 2.26191 3.72871 1.70994 1.15059 1.3655 3.47362 1.66055 1.30049 2.85018 4.18457 1.1659 1.36988 -0.08239 0.937027 1.62025 -0.0409659 0.235928 2.00076 2.62534 0.680438 1.98705 0.760705 1.47429 4.18043 2.38773 1.95133 9.13861 1.56628 0.717212 1.84563 1.56829 8.64139 9.1772 1.77912 4.77141 2.69848 3.16676 0.990378 2.57431 1.58567 2.69572 0.539266 -0.15146 1.29421 3.5512 0.422008 
0.399001 0.0969361 8.6551 -1.1705 1.83049 1.08326 1.19407 2.01088 0.740503 0.298106 -1.23306 -0.206251 1.65453 -0.176582 9.99754 9.99148 -0.512569 -0.16135 1.78422 -1.38457 2.05334 -0.484185 -0.4338 1.64137 1.93448 0.188266 1.43646 -0.729133 0.167111 1.23666 2.47516 -0.305793 0.314197 -0.18652 -0.391185 1.45962 -1.11804 -0.434309 1.48559 -0.0814346 3.65102 1.51715 0.837191 1.69673 9.8573 1.54211 -0.309296 -0.42262 1.70778 9.62009 9.9965 1.19531 -0.651103 1.77622 -2.41684 0.0693808 2.03147 2.12334 2.15765 -0.356224 0.3082 1.26822 -0.168823 -0.584351 
1.59487 -0.0556164 7.90077 -1.01564 1.36978 0.702059 1.17194 1.30256 -0.473675 2.31167 -1.11598 -0.236959 1.47453 -0.424605 9.99487 9.99547 -0.458462 0.791273 1.80953 -0.703789 1.41905 0.828437 -0.180937 0.958338 1.52569 0.338144 1.39954 -0.696454 -0.651268 2.32139 2.19401 -0.226179 0.0369852 -0.363706 -0.298424 1.31044 -1.08094 -0.231117 1.40899 -0.122276 1.02247 1.38231 1.60401 1.79363 9.82319 1.86189 0.0348562 -0.54515 1.86856 9.56155 9.9996 0.847487 -0.134311 1.61081 -2.3026 -0.525664 1.92922 1.52073 0.923389 -0.265252 -0.0743662 0.940927 2.16186 -0.387084 
1.8192 -0.0188414 8.73186 -0.945861 2.70402 0.802708 1.55795 0.896236 -0.258711 2.29369 -1.40966 -0.187508 1.33566 -0.315944 8.50908 9.99878 -0.520044 0.723899 1.60846 -1.47917 0.607021 0.513031 -0.290324 1.17411 1.80907 0.111908 1.81085 -0.444658 1.67909 1.7022 3.3675 -0.400359 -0.227212 -0.649515 -0.656906 1.62498 -0.674197 -0.21971 1.16852 -0.1706 0.331668 1.06095 1.80709 1.2135 9.90065 0.920016 -0.528143 1.61219 0.633426 9.75237 9.99972 0.380324 -0.572564 0.538614 -2.16287 0.00221172 1.37077 0.818516 1.01875 0.55796 -0.323045 1.10031 2.00951 -0.320534 
1.91038 -0.257419 8.92738 -0.829498 1.60632 0.532006 1.6601 0.962227 -0.436561 1.72765 -1.50243 -0.281102 1.68507 -0.376351 9.98633 9.99318 -0.43995 0.794267 1.46107 -1.23528 0.961326 -0.284745 0.236462 1.15299 1.78168 1.52986 2.03427 -0.475816 0.133884 1.64197 1.47957 -0.437978 1.31075 -0.510806 -0.212803 1.46052 -0.977267 -0.184505 0.943005 -0.124886 0.818517 1.24375 1.67202 1.31696 9.91632 1.02086 -0.563805 0.999459 1.62018 9.82894 9.99841 3.29513 -0.49539 1.95122 -2.58003 0.0322026 0.995267 1.20793 1.57421 -0.704468 0.00980156 1.3104 1.53866 -0.176442 
2.24594 0.0982708 8.3907 -0.995684 1.27456 0.752094 1.37028 1.69885 0.0201339 2.09998 -1.14494 -0.173089 1.86888 -0.329147 10 10 -0.393485 1.08899 1.56226 -1.19333 1.70895 0.695175 -0.431938 1.22029 1.39446 -0.103519 1.47014 -0.627521 0.00929525 2.09838 2.21122 -0.171986 0.0928606 -0.278981 -0.154308 1.48173 -1.0573 -0.266852 1.60321 -0.0274528 2.15077 1.21639 1.77644 1.28737 9.91269 1.47613 0.0888286 -0.493238 1.92794 9.74184 10 1.63028 -0.590586 1.43748 -2.84973 -0.020827 1.68306 1.54287 1.11342 -0.26216 -0.00500492 0.810139 2.07047 -0.141172 
1.5476 -0.451154 7.5405 -0.918792 1.3112 0.6243 1.10265 1.60971 -0.641239 1.49364 -1.58843 -0.0750391 1.56361 -0.498194 9.95157 9.99662 -0.36096 0.658341 1.1767 -1.44552 1.88436 -0.156322 0.0335387 1.59905 1.50495 -0.671256 1.30432 -0.41619 -0.168315 1.20174 2.43394 -0.252911 -0.262303 0.201076 -0.382078 1.31411 -1.79642 -0.319546 2.15142 -0.580569 1.34172 1.48355 1.435 1.65357 9.60505 1.83002 -0.294388 -0.230091 2.12662 9.3255 9.99868 1.2668 -0.447413 2.05517 -2.97418 -0.139034 2.18649 1.60127 1.96029 -0.182391 0.2812 2.61239 1.71943 -0.618011 
1.31404 -0.074767 7.26417 -0.900174 1.99578 0.658914 0.392952 1.34415 -0.658845 0.977942 -1.98809 -0.0725188 1.67329 -0.150645 9.99142 9.9928 -0.45148 -0.664314 1.07968 -0.739545 1.93416 0.784303 0.254999 1.28647 1.82795 -0.0390443 1.5013 -0.522599 0.180717 1.71805 2.05731 -0.191232 -0.548912 -0.457163 -0.27716 1.82845 -1.06664 -0.127173 1.7575 -0.113888 2.22095 1.48853 0.739776 1.46885 9.72249 1.71524 -0.542129 1.75522 2.02949 9.29062 9.99787 1.42016 -0.796907 2.47172 -3.05787 0.338954 0.936171 1.57378 1.21888 -0.0328128 -0.17103 1.46863 1.9149 -0.166336 
5.88678 -0.80625 9.40955 1.66034 -3.56568 -0.211278 -0.670377 0.140544 -1.02329 2.08135 1.39809 -0.852204 -0.285071 -0.508631 8.10152 9.99993 -1.06809 0.0221227 -0.184426 -0.695935 -0.610477 -0.471528 3.98645 -2.55706 -1.03576 -0.226803 -1.24169 -1.54375 -1.16564 -1.67648 -1.1264 -0.544963 -0.293603 -1.17017 -0.551346 -0.276887 1.17266 -0.294018 -0.564195 -0.444625 -3.90092 -0.831275 0.621016 -1.11787 9.98695 -0.364453 0.11568 0.189836 -0.909668 9.91793 9.99998 -0.720426 0.892831 -0.806872 0.16082 -2.46802 -0.511096 -0.268357 -1.50498 -0.422534 0.395601 -1.02016 7.20135 -0.530679 
-0.258448 -0.620409 8.59159 -0.42045 -0.132008 -0.960812 -0.288223 -1.56875 -0.201829 -0.584849 0.776228 -1.04589 -0.926475 -0.185888 9.9999 9.99768 -0.444764 -0.630777 -1.24473 3.97726 -0.810014 -0.577855 0.0311162 0.338001 -1.07203 -0.297924 -0.812805 1.04779 -1.07188 -0.674217 -0.387025 -0.265535 -0.913817 -3.69378 -0.6251 -1.10322 0.511564 -0.749763 -1.0787 -0.72159 0.0141854 0.531003 -0.891582 -1.38858 9.99168 -0.611039 -0.120092 -0.618821 -1.43337 9.8872 9.99952 -0.045824 -0.492861 -1.0596 1.17173 -0.861397 -0.520039 -0.88935 -0.974916 -0.461395 -0.15739 -0.302919 -0.371961 -0.0478756 
-0.549491 -0.218167 7.99584 1.02347 -1.24884 -0.0121718 0.903875 0.0758315 -0.917428 0.448325 0.302111 -0.308232 0.883187 -0.487271 9.99998 9.99944 -0.198033 -0.225775 0.484879 3.42817 -0.137557 -0.0961455 1.16355 1.22149 -0.00645298 -1.44391 -0.431709 1.9434 0.121879 0.241776 2.17614 -0.427509 0.577835 -3.74771 -0.199732 0.68449 -1.35664 -1.1555 -0.0892223 -0.410585 0.918007 -2.08895 0.841187 0.0128368 9.94042 0.512466 -0.446174 -0.361752 0.0292615 9.6943 9.99989 1.09011 0.0999191 0.51537 -2.6463 -0.852219 -0.00127363 0.617572 0.156799 -0.357725 -0.721782 1.56295 0.10762 -0.149843 
-0.473625 0.0746799 0.326566 -0.155129 0.341016 -0.233397 -0.355001 0.0976283 0.0902977 0.118493 0.523751 -0.0699765 0.49998 0.058603 0.203268 0.130321 0.219379 -0.303547 0.709706 0.0766231 -0.264249 0.337554 0.206213 -0.38196 -0.0933805 0.276848 0.22818 0.0354526 -0.207791 -0.381628 -0.25754 0.150871 0.0467967 0.0543035 0.172306 -0.0532886 -0.0300843 0.260378 -0.682317 0.337364 -0.0209804 0.142109 0.023859 0.160873 -0.240626 0.152797 -0.0598334 -0.168899 0.498861 -0.173501 -0.184235 0.340114 -0.167231 0.150188 -0.384399 0.242957 0.305523 0.147756 -0.451153 0.0846159 -0.205148 -0.385376 -0.38481 0.0575443 
0.529152 -0.0854796 -0.10799 -0.130784 -0.267644 0.35073 -0.0848494 -0.296948 0.0241659 0.0660078 -0.100454 0.20226 -0.180429 -0.553365 -0.198114 0.159823 0.293542 0.124936 -0.0920515 -0.306022 0.467026 0.268831 0.44743 0.275887 0.108195 -0.292419 0.521769 -0.167658 0.18501 0.16263 -0.166756 0.0107275 -0.182898 0.212624 0.232481 -0.390304 -0.302653 0.388054 0.274528 0.0833253 0.2621 0.127461 0.0406711 0.0243842 0.196934 0.0583627 -0.0925336 0.0935312 0.22973 -0.265719 0.0460618 -0.130671 0.142566 0.502902 -0.21118 -0.0498423 -0.197477 0.0221708 -0.000228049 0.116579 0.233778 0.507788 0.0917271 0.235526 
0.234001 0.161894 0.0128361 -0.0507467 0.184619 0.427099 0.15833 -0.232878 0.10267 0.329369 -0.165067 0.0588364 -0.438492 -0.122411 0.169609 -0.183314 0.149629 -0.377779 0.019252 0.0722195 0.212723 0.242956 -0.0937046 -0.00765927 -0.239041 -0.524483 0.166847 -0.0222292 -0.281494 -0.197258 -0.57109 -0.296748 0.120259 0.293504 -0.17241 -0.0447208 -0.184127 0.13937 0.0283061 0.377389 -0.0100092 -0.123161 0.132251 0.0501115 -0.121811 -0.22149 -0.226005 0.13517 0.204027 -0.170186 -0.130144 1.02983 -0.359284 -0.338805 0.0185646 0.286389 0.0734024 0.108569 -0.298102 -0.0191849 0.10591 -0.357812 0.119642 -0.12954 
-0.202551 0.227022 0.00901559 0.056951 -0.18713 -0.372202 0.244617 -0.400158 0.183268 0.724292 -0.630452 0.376252 0.0248545 -0.150473 -0.262006 0.14477 0.25702 0.238705 0.0348087 -0.204693 0.286771 0.0755537 -0.287619 0.123736 -0.432156 -0.460257 -0.205629 0.0151793 0.458748 -0.181447 0.101729 0.543355 -0.127194 0.432413 0.249695 0.0152828 -0.0120648 0.156072 0.096308 -0.0460461 0.0871422 0.13033 0.0964112 0.164113 0.389491 0.471955 -0.306564 -0.0400058 -0.121415 -0.0145285 0.22572 0.594535 0.166705 0.2282 0.0377505 -0.860355 0.0467204 -0.0794349 0.265452 0.121988 -0.0524655 0.0442505 -0.212032 -0.292816 
-2.65962 -2.07034 -1.88224 -7.0788 -2.14825 -1.49168 -3.02111 -2.3098 -1.09717 -2.44754 -7.19398 -1.58126 -2.7871 -2.55621 9.99982 9.99605 -2.2097 -2.35973 -2.25888 0.481558 -2.36554 -2.33934 -1.66397 -4.95258 -2.26298 -1.42018 -2.40582 0.202951 -1.86756 -2.24256 2.89838 -2.2359 -2.04739 -9.64176 -2.32753 -2.17015 -4.13084 -1.55857 -2.99742 -2.3888 -2.40926 -4.09178 -2.71212 -1.96489 9.02164 -2.97842 -1.6977 -2.34752 -2.26182 7.67816 9.99917 -2.16929 -6.18679 -2.60417 -5.19314 -0.496013 -2.87604 -2.75558 -3.0383 -2.10558 -0.386792 -1.65847 -3.7203 -2.21938 
-9.9833 
-9.98216 
-0.19347 
-9.95821 
-9.98567 
-9.98196 
-9.98498 
-9.98013 
-9.98181 
-9.98765 
-9.90338 
-9.98258 
-9.98176 
-9.98199 
-0.00404495 
0.0907139 
-9.98203 
-9.98168 
-9.98094 
-9.84598 
-9.98093 
-9.98201 
-9.98887 
-9.96869 
-9.98123 
-9.98797 
-9.98086 
-7.60634 
-9.98276 
-9.9837 
-9.18034 
-9.98198 
-9.98113 
-8.35755 
-9.98184 
-9.98127 
-9.96331 
-9.9825 
-9.98168 
-9.98206 
-9.98437 
-9.95043 
-9.98174 
-9.98071 
-0.0622735 
-9.98151 
-9.9819 
-9.98345 
-9.98018 
-0.0967553 
0.0121988 
-9.98325 
-9.96556 
-9.98011 
-9.93573 
-9.98255 
-9.98181 
-9.98125 
-9.98191 
-9.9825 
-9.97219 
-8.14076 
-9.97696 
-9.98204 
9.97521 

# Training State Metadata
FILENAME tetris_model_best_20260908_100949_score2637400.txt
EPSILON 0.114129
EPSILON_MIN 0.05
EPSILON_DECAY 0.995
LEARNING_RATE 0.0015
GAMMA 0.99
TRAINING_EPISODES 83489
TOTAL_GAMES 434
BEST_SCORE 2637400
AVERAGE_SCORE 275508
PREVIOUS_AVG_SCORE 275508
