# Neural Network Model File
# Saved: 2026-09-06 18:11:30
# Filename: tetris_model_best_20260906_181130_score2117600.txt
#
-2.29522 0.0914234 9.99955 1.15236 0.487495 -1.88956 -1.61664 -2.11998 -1.255 -0.00604168 1.63735 0.139275 -1.38637 -0.0535513 9.99787 9.98845 0.183432 -1.15798 -1.41945 6.2014 -1.05357 -0.987916 -2.25828 0.182006 -1.16348 -1.02566 -1.10053 3.08053 -1.21981 0.405515 -1.71058 -0.215088 -0.0309423 -4.90069 0.00928592 -1.41884 0.102743 0.238856 -1.37831 0.31917 -0.83716 -0.606012 -1.73986 -1.78463 9.99492 -1.42956 -0.688444 -1.71231 -1.0343 9.99543 9.99167 -1.17688 0.196945 -1.02445 1.88616 0.441212 -1.03612 -1.44656 -0.77572 -0.414913 -0.693365 -0.888153 -0.760525 -0.0282724 
-1.21983 -0.508277 9.99954 0.969069 -0.192299 -0.432769 -2.05147 -1.70487 -1.07544 2.67199 1.63072 -0.0614364 -0.260563 -0.440011 9.99788 9.98372 -0.185083 -1.71528 -0.419057 5.92232 -0.809157 -0.027428 -1.0911 0.345612 -0.521217 0.417793 -1.11896 3.30681 -1.31257 0.829873 -2.52989 -0.31381 0.315648 -4.2145 -0.253523 -0.826454 1.45302 -0.943001 -0.0928559 -0.412811 -0.860943 -1.6941 -0.489941 -1.14387 9.99551 -0.412159 0.335206 0.402691 -0.56335 9.99548 9.99202 0.534924 -0.0402086 -0.748951 2.08067 0.454134 -0.169478 -1.64221 0.105757 -0.704108 0.172107 0.49735 2.59875 0.0341359 
0.426408 -0.279646 9.99968 -0.418778 -0.360569 0.434628 0.568729 -0.589552 -0.801045 2.99652 -0.233252 -0.62292 -0.0279346 -0.364361 9.99849 9.98461 -0.323885 -0.117897 -0.963366 4.04005 -0.338019 -0.2282 -1.70147 -0.87226 -0.0685088 1.75943 -1.45391 1.94951 -0.390697 0.935255 -2.19395 -0.502586 -1.18277 -3.23268 -0.102429 -0.507764 -0.329066 -0.791178 0.483868 -0.300357 0.81992 1.22011 -0.227001 -0.517821 9.98961 0.0198476 -1.05253 0.0523664 -0.748785 9.99113 9.9873 -0.19372 -0.410592 -0.989455 0.141263 -1.36123 0.120443 0.194724 -0.545283 -0.867093 -1.88236 0.885974 -0.413295 -0.705202 
1.32292 -0.125519 9.99943 0.0944882 -0.744752 0.347258 1.61015 -0.657742 -0.194432 1.14468 0.975261 -0.122406 -1.15278 0.00481441 9.9973 9.98557 -0.0900018 0.100459 -0.747039 4.95421 -0.66473 -0.52266 -0.962825 -0.944709 -1.49952 1.67783 -0.74491 2.66047 -0.620948 -1.31432 -1.06959 -0.395798 -0.0864514 -3.35112 -0.260587 -1.07753 0.411282 -0.648914 -0.305553 -0.134973 -0.525437 1.5973 -1.01906 -1.06657 9.99148 -0.731744 -0.0996068 -0.164016 -0.786648 9.99311 9.98887 0.0665227 -0.0408504 -1.23222 1.00024 -0.740048 -0.434133 -0.224074 -0.79674 -0.913652 -1.35739 0.0571473 -0.0427035 -0.259419 
1.52475 -0.117875 9.99936 -0.5681 -1.51834 -1.00032 0.949558 -1.19659 -0.882162 0.331248 0.342598 0.394314 -0.139742 -0.076027 9.99693 9.99189 -0.100375 0.203146 -0.801804 4.68199 -1.04423 0.279321 0.106413 -0.205417 -1.65071 1.32215 0.197686 1.59902 0.352994 -1.2118 -1.0024 0.462328 0.155567 -3.80792 -0.19745 -0.926829 0.234014 0.0814966 -0.494195 -0.251764 -0.361169 2.52109 -0.427249 -0.64467 9.99281 -0.683776 -0.634922 -0.67725 -1.20244 9.99279 9.99287 -0.441488 -0.393844 -0.653479 0.730723 -0.0798517 -0.502265 -0.69387 -0.744015 -0.608193 -1.33509 -0.772479 -0.985328 -0.0455822 
1.28923 -0.315058 9.99933 0.556425 -1.32583 0.00165879 0.425941 -1.03457 -0.147715 -2.28383 0.966231 -0.475796 -0.665045 -0.243622 9.99683 9.99225 -0.212655 0.216262 -0.584942 5.18172 -0.692144 -0.320374 -0.679866 -1.40755 -1.31434 0.720626 -0.624414 2.37917 -0.511357 -1.31544 -0.517875 -0.501013 -0.508146 -3.16107 -0.357958 -0.510131 0.113279 0.205571 -0.657019 -0.194225 -0.715586 1.69349 -0.545522 -0.443462 9.99231 0.0933452 0.314437 -0.266381 -0.768874 9.99232 9.99228 -0.730866 0.599087 -0.731371 1.0954 0.01731 -0.971284 -0.221433 -0.700169 -0.160882 -0.0381288 -1.00465 -0.133835 -0.055882 
0.236524 -0.330009 9.9993 0.324429 -1.0592 -0.108552 0.105149 -0.682632 -0.963289 -1.06927 -0.0585618 -0.466488 -0.280631 -0.0874144 9.99704 9.99326 -0.289743 0.913905 -1.07655 4.83583 -0.882696 -0.442607 0.318511 -0.217331 -0.344143 0.873757 -0.564057 1.07215 -0.216258 -0.787881 -0.163689 -0.427138 -0.447492 -3.52654 -0.235267 -0.876741 0.320122 -0.100842 -0.266913 -0.367665 -0.0243632 0.285949 -0.821385 -0.92906 9.99335 -0.136542 -0.457774 -0.805673 -1.26316 9.99337 9.99331 0.454006 -0.476736 -0.943445 0.0549873 -0.150006 -0.381119 -0.454862 -0.460107 -0.80285 0.361228 -0.648594 -0.325872 -0.424537 
-0.331663 -0.19528 9.99941 2.15284 -0.512398 0.144013 -0.355806 -0.170499 -0.263133 -2.18257 1.85952 0.0334575 -0.227298 -0.35976 9.99724 9.99391 -0.0955154 -0.193404 -0.960612 4.53472 -0.47982 -0.269685 1.83603 -0.275424 0.0327064 -0.903473 -0.834797 2.19489 -0.231975 -1.17043 -1.90692 -0.0917577 -0.936972 -3.36506 -0.219348 -0.24553 2.65243 0.223076 -0.41793 -0.17767 -0.117444 0.372572 -0.922786 -0.454187 9.99384 -0.417797 -0.677346 0.154873 -0.501991 9.99382 9.99387 -0.575324 0.809095 -0.138266 0.949963 -0.123447 -0.421494 -0.116107 -0.211468 0.10543 0.311875 -1.04463 -0.104832 -0.317925 
0.777117 -0.30545 9.99942 1.05973 -1.06154 -0.725597 -0.936744 -0.351779 -0.290108 -0.790576 1.05267 -0.269236 0.0543001 -0.363743 9.99727 9.96913 -0.594765 -1.08472 -0.370251 4.49418 -0.161273 -0.197787 3.96719 0.466334 -0.188134 -2.75648 -0.34621 1.95184 -1.07916 0.513945 0.59319 0.00888848 -0.542551 -3.87878 -0.30693 -0.391204 0.329761 -0.649277 -0.0985528 -0.343094 -1.15299 -0.899893 0.589611 -0.186695 9.97395 0.0289149 -0.145387 -0.681411 -0.536289 9.97504 9.97154 -0.972176 0.0381319 -1.20177 1.76816 -1.74898 -0.272019 -0.115485 -0.363817 -0.0904912 0.534881 -0.4994 1.57898 -0.515519 
-1.67073 -0.277242 9.99941 0.0776723 0.421629 -2.12251 -2.47518 -1.08215 0.334591 -2.02985 0.679409 -0.543749 -0.56549 -0.202402 9.99729 9.98562 0.0763284 -1.00624 -1.10572 5.33221 -0.691718 -0.764699 0.325146 0.568486 -1.07115 -2.66613 -1.57375 1.74107 -0.533185 -1.18891 0.538774 -0.55875 -0.0329508 -4.55523 0.0886958 -0.711753 -1.38212 -0.197695 -0.954849 -0.208301 -0.255967 -0.48541 -0.423653 -0.961901 9.99219 -1.10418 -0.376859 -0.855138 -1.10942 9.99366 9.9897 -0.881827 -0.581781 -0.743487 0.839926 -0.808467 -0.520148 -0.920026 -0.628541 0.0454317 0.0263069 -1.09747 -1.1191 -0.0615998 
0.311763 -0.242035 9.99935 4.49728 -0.940577 -0.54711 -0.470542 -0.301813 0.0659973 -0.66461 5.31932 -0.367916 -0.946278 0.092079 9.9969 9.99273 -0.332501 -0.91078 -0.931512 7.21366 -0.439663 -0.215547 0.462067 2.00691 -0.518831 -0.98015 -0.817018 4.19738 -0.354686 -0.636997 -2.72661 0.0600576 -1.26719 -4.86565 -0.10207 -1.10687 1.50672 -0.071761 -0.233601 0.121865 -1.38371 -0.550866 -1.02318 -1.33098 9.99267 -0.527173 -0.352431 0.132617 -0.820038 9.99266 9.9927 -0.716514 3.18586 -0.647872 1.94682 -0.866704 -0.789507 -0.294536 0.910488 0.506174 -0.836702 -0.769455 0.773963 -0.480114 
7.1196 2.32601 -2.34356 9.58086 5.38022 3.43398 4.13217 4.04882 2.04755 6.10349 9.9971 2.38867 4.43597 2.40441 6.55274 -8.8441 2.06567 3.23051 5.44333 9.99691 3.51224 2.7459 4.31341 5.62219 4.89294 4.65432 6.84532 9.99689 3.66563 5.21327 7.01842 1.99932 3.16662 2.58077 1.98881 5.3303 4.12297 2.03971 4.63629 2.14874 6.90484 7.894 5.82396 5.86663 -7.58681 4.40357 2.46402 4.47776 4.02168 -7.4182 -8.26514 5.39026 9.87651 5.69686 4.98089 2.99764 4.64827 3.84403 5.62206 2.60573 3.02244 5.03207 7.01371 2.7275 
2.65726 0.97139 6.47094 5.98712 2.25513 0.980167 1.76216 1.6228 1.25997 1.94158 5.72345 0.450465 2.11109 1.28475 8.80731 0.534801 0.914987 1.83671 2.39193 4.36841 1.83995 1.28058 1.38007 3.39121 1.79057 1.40838 2.98019 4.8247 1.29591 1.50772 1.83921 1.06704 1.75029 0.0973802 0.365952 2.13075 1.74625 0.810451 2.11706 0.890723 1.81726 3.4784 2.51775 2.08134 1.82042 1.69628 0.847235 1.97562 1.6983 1.82808 1.24941 2.51645 4.90146 2.82849 2.35501 1.1204 2.70433 1.71568 2.82575 0.669274 0.634887 1.67803 3.21744 0.552027 
0.0405203 0.202283 10 -0.686658 1.96834 1.18869 1.40829 2.11641 0.845914 0.248877 -0.987072 -0.100811 1.75995 -0.0712581 10 6.77247 -0.407157 -0.0558898 1.88977 -1.12821 2.15879 -0.378777 -0.234108 1.9991 2.03997 0.396575 1.54192 -0.187627 0.272487 1.34215 1.95088 -0.200392 0.41956 -0.0318061 -0.285801 1.56508 -0.163299 -0.328846 1.59109 0.0239148 3.41224 1.9529 0.942751 1.80229 8.68257 1.64759 -0.20385 -0.317448 1.81324 8.82749 7.74574 1.29857 -0.545825 1.88153 -2.19533 0.174715 2.13704 2.22873 2.26308 -0.250754 -0.190986 0.546601 -0.0236906 -0.478981 
2.0236 0.00351691 9.99733 -0.74217 1.42855 0.760963 1.46487 1.36139 -0.414635 2.39467 -1.05004 -0.177997 1.53334 -0.365199 9.99456 9.99234 -0.399172 0.850578 1.86836 -0.623834 1.47789 0.88743 -0.185095 1.02046 1.58445 0.891785 1.45839 -0.882522 -0.592192 2.36538 2.72659 -0.166927 0.096086 -0.278178 -0.239109 1.36922 -0.438782 -0.172108 1.46788 -0.0629835 0.906321 0.935084 1.66293 1.85239 9.9919 1.92075 0.0940053 -0.486176 1.9273 9.99083 9.99236 1.27896 -0.0742069 1.66956 -1.12761 -0.466841 1.98812 1.57962 0.982346 -0.206182 1.6876 1.33047 2.30403 -0.327824 
1.92339 0.108963 9.98564 -0.841852 2.52142 0.930486 1.55146 1.02405 -0.130947 1.18169 -0.620328 -0.0597166 1.46344 -0.188044 5.79928 8.28035 -0.392164 0.851729 1.7362 -1.06331 0.734839 0.640836 -0.0742969 1.84463 1.93688 0.233893 1.93862 0.265314 1.80677 1.82999 2.65979 -0.2725 -0.0992842 -0.505212 -0.529007 1.75276 -0.633872 -0.0919523 1.29632 -0.0427348 0.854493 1.23201 1.93478 1.3412 9.55117 1.04779 -0.400309 1.74001 0.761237 9.92281 9.23304 0.508396 -0.444629 0.666602 -2.56739 0.130026 1.49852 0.946301 1.14661 0.685707 -0.505993 2.90329 1.87514 -0.192661 
1.47631 -0.162649 9.99748 -0.254918 1.71904 0.626897 1.84603 1.05706 -0.341709 2.09156 -0.955062 -0.186355 1.77989 -0.281546 9.99369 9.71369 -0.345137 0.889098 1.55583 -0.809474 1.05613 -0.189949 0.139408 1.78797 1.87649 0.951415 2.12906 -0.059754 0.228637 1.73678 2.63207 -0.343188 1.40571 -0.42235 -0.117978 1.5553 -0.602328 -0.0897656 1.0378 -0.0300894 0.77347 1.5522 1.7668 1.41171 9.97966 1.11563 -0.469009 1.09421 1.71491 9.98004 9.97884 2.82837 -0.400284 2.04602 -1.95163 0.127097 1.09007 1.30275 1.66899 -0.60967 -0.447038 1.25301 1.9756 -0.0816104 
2.3122 0.202507 9.99888 -0.502025 1.37906 0.856447 1.57761 1.80303 0.124395 2.37808 -0.632906 -0.0687998 1.97321 -0.225123 9.98996 9.91717 -0.289409 1.19322 1.66649 -0.717468 1.81319 0.799507 -0.672865 1.10133 1.49879 0.00102169 1.57438 -0.379886 0.113607 2.22493 2.32353 -0.0678939 0.196969 -0.179559 -0.0502335 1.58609 -0.374612 -0.162595 1.70743 0.0766767 2.03085 1.39283 1.88064 1.39153 9.9196 1.58038 0.192994 -0.388693 2.03202 9.92139 9.91701 1.37698 -0.486213 1.54172 -2.44644 0.083662 1.78724 1.64714 1.21757 -0.15798 0.293658 1.52043 1.66109 -0.0370222 
1.54628 -0.333667 9.99077 -0.899971 1.42871 0.741843 1.4676 1.72744 -0.5237 1.59378 -1.13044 0.0424915 1.68112 -0.380603 9.98254 8.07893 -0.243388 0.775926 1.29432 -0.86269 2.00197 -0.0388882 0.231284 1.31376 1.62255 -0.553517 1.42194 0.196065 -0.0508114 1.31945 2.78376 -0.135369 -0.144677 0.346075 -0.264477 1.43165 -0.41417 -0.202031 2.26894 -0.463012 2.10063 1.49938 1.55256 1.77121 9.95128 1.94753 -0.176879 -0.112605 2.24433 9.95543 9.28006 1.37892 -0.330276 2.1728 -2.64008 -0.0215565 2.30401 1.71883 2.07785 -0.0648907 0.278791 1.79159 1.7085 -0.500439 
1.33917 -0.0593778 9.90829 -0.454005 2.32982 0.674025 1.17998 1.35949 -0.643613 1.82193 -1.68863 -0.0572536 1.68845 -0.135153 9.92952 9.99494 -0.435993 -0.648797 1.09503 -0.670738 1.94921 0.799526 0.269683 1.97717 1.84313 0.0418959 1.5167 -0.622743 0.196068 1.7332 1.07639 -0.175775 -0.533343 -0.375414 -0.261653 1.84364 -0.644314 -0.111834 1.77261 -0.0984144 3.58112 1.44003 0.75517 1.48412 9.98868 1.73041 -0.526677 1.77037 2.0447 9.98616 9.9943 2.67244 -0.781008 2.48697 -1.739 0.354061 0.951298 1.5889 1.23404 -0.0175143 -0.0374957 0.97298 1.93145 -0.150853 
3.85966 -0.676144 9.99977 1.56572 -3.22141 -0.0811502 -0.0841609 0.27069 -0.893175 2.16618 1.54419 -0.722089 -0.154963 -0.378518 5.57896 6.80716 -0.937962 0.152248 -0.0542926 -0.0469174 -0.480362 -0.34142 3.17962 -2.00483 -0.905631 -0.0724438 -1.11155 -0.898745 -1.03553 -1.52013 0.0871165 -0.414849 -0.163449 -1.02794 -0.421223 -0.146774 0.9756 -0.163904 -0.434091 -0.314509 -1.94115 -1.3019 0.751128 -0.987749 8.10645 -0.234349 0.245803 0.319948 -0.779548 8.45349 7.27566 -0.217034 1.02298 -0.676736 0.612402 -2.33788 -0.380985 -0.138247 -1.37485 -0.292421 -0.228765 -0.459558 5.01054 -0.400554 
-0.17193 -0.459154 9.99945 0.27447 -0.115417 -0.799513 -0.281447 -1.40742 -0.0405017 -0.439011 0.988428 -0.884633 -0.765218 -0.0246055 9.99741 9.99033 -0.283462 -0.469355 -1.08342 4.75813 -0.648806 -0.416642 0.198306 -0.0677479 -0.910707 -0.406303 -0.651486 1.84465 -0.910593 -0.520753 -0.623383 -0.104262 -0.752355 -3.48099 -0.463786 -0.941971 0.334782 -0.588498 -0.917521 -0.560287 -0.44106 0.438026 -0.730253 -1.22736 9.99421 -0.449844 0.0412105 -0.45763 -1.27218 9.99419 9.99325 -0.300479 -0.331478 -0.898312 1.1484 -0.700093 -0.35879 -0.728113 -0.813626 -0.300158 -0.71843 -0.675303 -0.345307 0.11344 
0.197644 -0.223477 9.99956 1.68081 -1.31312 -0.0174737 0.504807 0.0705759 -0.922714 0.533482 1.74427 -0.313516 0.877865 -0.492559 9.99803 9.99309 -0.203293 -0.231013 0.479582 3.36117 -0.142894 -0.101505 0.757481 1.78386 -0.0117687 -1.55245 -0.437012 1.88997 0.116535 0.223632 0.689929 -0.43279 0.57264 -3.72123 -0.204981 0.679127 -0.2062 -1.16078 -0.0945448 -0.415864 0.51255 -1.83641 0.83588 0.00748886 9.99362 0.507137 -0.451435 -0.367157 0.0238981 9.99375 9.99338 0.220882 0.094733 0.510054 -1.02726 -0.857514 -0.0065756 0.612245 0.151534 -0.36305 -0.735839 0.287048 0.430085 -0.155112 
-0.473625 0.0746799 0.326566 -0.155129 0.341016 -0.233397 -0.355001 0.0976283 0.0902977 0.118493 0.523751 -0.0699765 0.49998 0.058603 0.203268 0.130321 0.219379 -0.303547 0.709706 0.0766231 -0.264249 0.337554 0.206213 -0.38196 -0.0933805 0.276848 0.22818 0.0354526 -0.207791 -0.381628 -0.25754 0.150871 0.0467967 0.0543035 0.172306 -0.0532886 -0.0300843 0.260378 -0.682317 0.337364 -0.0209804 0.142109 0.023859 0.160873 -0.240626 0.152797 -0.0598334 -0.168899 0.498861 -0.173501 -0.184235 0.340114 -0.167231 0.150188 -0.384399 0.242957 0.305523 0.147756 -0.451153 0.0846159 -0.205148 -0.385376 -0.38481 0.0575443 
0.529152 -0.0854796 -0.10799 -0.130784 -0.267644 0.35073 -0.0848494 -0.296948 0.0241659 0.0660078 -0.100454 0.20226 -0.180429 -0.553365 -0.198114 0.159823 0.293542 0.124936 -0.0920515 -0.306022 0.467026 0.268831 0.44743 0.275887 0.108195 -0.292419 0.521769 -0.167658 0.18501 0.16263 -0.166756 0.0107275 -0.182898 0.212624 0.232481 -0.390304 -0.302653 0.388054 0.274528 0.0833253 0.2621 0.127461 0.0406711 0.0243842 0.196934 0.0583627 -0.0925336 0.0935312 0.22973 -0.265719 0.0460618 -0.130671 0.142566 0.502902 -0.21118 -0.0498423 -0.197477 0.0221708 -0.000228049 0.116579 0.233778 0.507788 0.0917271 0.235526 
0.234001 0.161894 0.0128361 -0.0507467 0.184619 0.427099 0.15833 -0.232878 0.10267 0.329369 -0.165067 0.0588364 -0.438492 -0.122411 0.169609 -0.183314 0.149629 -0.377779 0.019252 0.0722195 0.212723 0.242956 -0.0937046 -0.00765927 -0.239041 -0.524483 0.166847 -0.0222292 -0.281494 -0.197258 -0.57109 -0.296748 0.120259 0.293504 -0.17241 -0.0447208 -0.184127 0.13937 0.0283061 0.377389 -0.0100092 -0.123161 0.132251 0.0501115 -0.121811 -0.22149 -0.226005 0.13517 0.204027 -0.170186 -0.130144 1.02983 -0.359284 -0.338805 0.0185646 0.286389 0.0734024 0.108569 -0.298102 -0.0191849 0.10591 -0.357812 0.119642 -0.12954 
-0.202551 0.227022 0.00901559 0.056951 -0.18713 -0.372202 0.244617 -0.400158 0.183268 0.724292 -0.630452 0.376252 0.0248545 -0.150473 -0.262006 0.14477 0.25702 0.238705 0.0348087 -0.204693 0.286771 0.0755537 -0.287619 0.123736 -0.432156 -0.460257 -0.205629 0.0151793 0.458748 -0.181447 0.101729 0.543355 -0.127194 0.432413 0.249695 0.0152828 -0.0120648 0.156072 0.096308 -0.0460461 0.0871422 0.13033 0.0964112 0.164113 0.389491 0.471955 -0.306564 -0.0400058 -0.121415 -0.0145285 0.22572 0.594535 0.166705 0.2282 0.0377505 -0.860355 0.0467204 -0.0794349 0.265452 0.121988 -0.0524655 0.0442505 -0.212032 -0.292816 
-2.51751 -2.02987 9.99706 -5.95424 -2.04914 -1.45137 -1.52288 -2.2692 -1.05677 -2.499 -7.19435 -1.54092 -2.74695 -2.51535 9.98855 9.94745 -2.16886 -2.31866 -2.21846 -0.131272 -2.32542 -2.29902 -1.80651 -3.28225 -2.22269 -1.39515 -2.36538 -0.47441 -1.8272 -2.19474 2.24907 -2.19519 -2.0064 -9.42503 -2.28661 -2.12998 -2.50715 -1.51817 -2.95727 -2.34802 -0.870957 -3.29927 -2.67169 -1.9247 9.95108 -2.93832 -1.65703 -2.30732 -2.22174 9.95196 9.94942 -1.4458 -6.14465 -2.56388 -4.3933 -0.455764 -2.8359 -2.71544 -2.99804 -2.06521 -0.0840002 -1.435 -3.31201 -2.17854 
-9.86769 
-9.95819 
0.00503055 
-9.89815 
-9.97289 
-9.97405 
-9.99497 
-9.96922 
-9.96751 
-9.96493 
-9.88441 
-9.95903 
-9.97075 
-9.95204 
0.0789137 
0.60769 
-9.95313 
-9.9639 
-9.97395 
-9.82404 
-9.9717 
-9.95937 
-9.97173 
-9.9427 
-9.97323 
-9.96132 
-9.96907 
-7.63466 
-9.96571 
-9.9835 
-8.70807 
-9.95359 
-9.96189 
-5.26724 
-9.95314 
-9.97469 
-9.89259 
-9.95939 
-9.9638 
-9.95564 
-9.84112 
-9.9321 
-9.97356 
-9.9751 
0.453688 
-9.96463 
-9.95918 
-9.95991 
-9.97456 
0.417883 
0.530071 
-9.87288 
-9.94652 
-9.96803 
-9.87614 
-9.97306 
-9.97069 
-9.96885 
-9.96228 
-9.95847 
-9.87797 
-9.98937 
-9.62215 
-9.9546 
9.94745 

# Training State Metadata
FILENAME tetris_model_best_20260906_181130_score2117600.txt
EPSILON 0.156509
EPSILON_MIN 0.05
EPSILON_DECAY 0.995
LEARNING_RATE 0.0015
GAMMA 0.99
TRAINING_EPISODES 52374
TOTAL_GAMES 371
BEST_SCORE 2117600
AVERAGE_SCORE 137018
PREVIOUS_AVG_SCORE 137018
