# Neural Network Model File
# Saved: 2026-09-05 21:44:44
# Filename: tetris_model_best_20260905_214444_score16300.txt
#
-0.343504 0.509207 6.93206 2.36753 1.52519 -2.13894 -1.45776 -0.307153 -0.814111 0.232953 2.21352 0.690964 0.776828 0.277222 0.30046 3.27813 0.539236 -1.24697 -1.2279 3.44756 1.13925 -0.843783 -0.711182 1.64293 0.71433 -1.50404 -1.11942 2.77058 -0.679818 1.46532 -0.925107 0.145127 0.0540976 -2.02696 0.312238 -0.459908 0.272608 0.60672 0.868159 0.71673 -1.56152 -0.539334 -0.528887 -1.06787 4.07345 -0.00951912 -0.0948134 -1.09166 0.436598 4.1398 3.04338 -0.6222 0.0923127 -0.128758 0.00587593 0.543832 1.43623 0.650304 1.65755 0.0307327 -0.0218381 0.0311448 0.773588 0.240355 
0.192285 -0.174618 6.45465 1.91514 1.7796 -0.783521 -1.41701 -0.0370256 -0.128429 -0.011702 1.99955 0.57264 1.34997 -0.071547 0.151001 3.59432 0.208644 -1.69222 -0.834552 3.47683 1.2578 0.0268022 -0.375824 2.02022 1.36524 -0.0969942 -1.11538 3.12313 -0.134326 1.41964 -0.653477 0.040776 0.388836 -1.53264 0.093661 -0.726234 0.00270862 -0.525071 1.89742 -0.0226789 -1.65284 -0.726144 -0.622835 -0.726209 4.18397 0.700917 0.331419 0.439757 0.543622 4.10132 3.55722 -0.247866 -0.286662 -0.522308 0.176306 0.446235 1.72455 0.356025 2.45038 -0.0053049 0.467334 0.511115 0.842049 0.324006 
0.772982 0.127071 6.08187 2.91095 2.22249 -0.00206702 -0.329824 1.10965 -0.13899 1.48109 2.62926 0.0961606 1.76473 0.283604 1.3752 2.09084 0.203909 -0.284308 -0.520107 2.61125 1.96986 0.103211 -0.422563 2.21918 2.59794 0.648064 -0.048243 2.65578 0.523976 2.71042 -0.0310829 -0.0884367 -0.36027 -0.407892 0.401524 0.248941 -0.715846 -0.286197 2.48144 0.216545 -0.467973 0.788996 0.586002 0.654243 3.56769 1.23533 -0.3397 0.325608 1.03102 3.43544 2.78725 -0.318806 0.616483 0.385337 0.132385 -0.751063 2.1665 2.01185 2.52688 0.221665 -0.579046 1.33595 1.30638 -0.321027 
0.740765 0.0192822 6.09733 2.63074 2.04011 0.221154 -0.0825875 0.922993 0.398775 1.03486 2.07437 0.123305 0.627787 0.345395 0.9321 2.82239 0.088083 0.0676449 0.17606 2.2084 1.66947 -0.459125 -0.0969793 1.61967 1.39602 0.35983 0.0826138 2.10765 -0.177609 1.15221 -0.0665952 -0.322737 0.277016 -0.703098 -0.0829972 0.259012 -0.0972032 -0.451843 2.15992 -0.0563375 -0.543396 0.548664 0.0583655 0.405361 3.8644 0.69734 0.129502 -0.925215 0.921226 3.78805 3.0802 0.201344 0.132116 0.287379 -0.00275558 -0.635818 2.25574 1.44159 2.17643 -0.439023 -0.319781 1.03384 1.16285 -0.169735 
0.0969069 0.177321 6.72483 1.85246 1.211 -0.863842 -0.877986 0.467552 -0.346814 0.197114 1.41651 0.785195 1.25297 0.385523 0.497391 2.89425 0.172363 0.370733 -0.429293 2.47018 1.01985 0.365246 0.163279 1.4869 0.716084 0.457137 -0.144116 1.49479 0.666262 1.18739 -0.93421 0.830391 0.72405 -1.00224 0.0893808 -0.48555 0.252775 0.297607 1.31347 -0.00334782 -1.40561 0.409962 -0.318307 -0.0161391 4.20904 0.525915 -0.131225 -0.558236 0.310258 3.80236 3.26759 -0.390523 0.341948 0.131975 0.738385 0.260374 1.39011 0.737106 1.79073 0.256309 0.146412 0.618602 0.671916 0.333378 
0.0632865 -0.215084 5.56708 2.12925 1.38692 -0.00404677 -0.600474 0.400028 -0.00614244 0.35585 1.56791 -0.208936 0.757918 0.209208 0.744623 2.52082 0.081414 0.290234 -0.109326 2.83389 1.35274 -0.351825 -0.018671 1.58555 1.31961 0.243573 -0.112066 2.15893 0.100756 1.34496 -0.697382 -0.362942 0.537945 -0.44759 -0.1144 0.0135551 0.304246 0.539833 1.33649 0.0122843 -1.41542 -0.0178014 -0.0298776 0.400465 3.15723 0.988448 0.546828 -0.852859 0.703764 3.80174 2.41858 -0.784959 0.321469 0.0135831 0.75268 0.463086 1.26687 1.35505 1.91946 0.189453 0.516116 -0.265427 1.12833 0.325992 
0.282991 -0.035097 6.81448 2.12047 2.0341 -0.39077 -0.914399 0.898961 -0.333524 0.307681 2.10736 -0.151826 1.37821 0.625967 0.17305 3.50498 0.209112 0.676151 -0.782661 3.30553 1.37759 -0.384261 0.329194 1.95841 2.37607 0.454485 -1.00783 1.50638 0.42422 1.86394 -0.201951 -0.125041 0.643195 -0.775485 0.179572 -0.688115 -0.167343 0.482703 1.99603 -0.0412555 -1.15691 -0.702629 -0.24487 -0.522646 4.16212 1.01918 -0.182208 -1.40935 0.577918 4.50775 4.16455 -0.432038 -0.223003 -0.254423 0.014557 0.473402 1.87654 1.55393 2.38006 -0.0359137 0.642697 -0.111501 0.927479 0.154319 
0.431504 0.112936 6.04266 2.25649 1.62998 -0.128808 -0.544043 1.09544 -0.0745345 0.922192 2.20819 0.211835 1.55571 0.0297839 0.78392 2.7767 0.184905 -0.845181 -0.865538 1.96199 1.56975 -0.196363 -0.170602 1.62942 2.44025 0.0205119 -0.816054 1.83121 -0.137003 1.3126 -0.285235 0.27624 -0.363762 -0.836798 0.0980753 -0.131946 0.759898 0.595552 1.80903 0.134198 -0.936429 -0.577139 -0.114918 -0.34718 3.34105 0.490377 -0.399765 -1.09104 1.03702 3.74149 2.87539 -0.144212 -0.153578 0.214372 0.174738 0.0766779 1.61297 1.58534 1.94369 0.249042 -0.0227344 0.0990614 1.44981 -0.0743739 
0.686051 -0.0669077 6.06641 2.50429 1.72617 -0.767027 -0.49522 1.08157 -0.0565154 0.596396 1.95794 0.241952 1.70408 0.162143 1.30816 3.03021 -0.23773 -1.12655 -0.437681 2.7602 1.80685 -0.238248 0.414417 2.06282 2.01167 -1.51503 -0.148678 2.49504 -0.438265 2.14137 -0.346139 0.539987 -0.487324 -1.10199 0.218026 -0.20534 -0.701223 -0.207269 2.19711 0.101708 -0.896582 -0.407598 0.0915179 -0.0302991 3.40928 1.29185 -0.0408295 0.0814335 0.810233 3.46438 2.89188 -0.345412 0.119292 -0.253595 0.49766 -1.1874 1.93745 1.61103 2.56603 0.1122 -0.0597507 0.315376 1.57099 -0.144224 
0.957594 -0.0701899 5.28512 2.12404 2.21223 -1.97865 -1.51735 0.859329 0.0951529 0.761398 2.34508 -0.177872 1.87465 0.135606 0.947463 2.78631 0.33584 -1.01578 -0.461056 2.81888 1.92396 -0.688016 -0.075053 2.15402 1.82108 -2.35642 -0.781252 1.82144 -0.5239 1.40807 0.408634 -0.267715 -0.19884 -1.66331 0.44358 0.206973 -1.36501 -0.157123 1.72145 0.0516645 -1.04509 0.254568 0.344098 -0.106701 3.7537 0.891837 -0.166394 -0.430562 0.996297 3.37995 2.99897 -0.433429 0.467511 0.162172 -0.194948 -0.821695 2.12111 1.23878 2.2898 0.0267852 -0.418017 -0.345392 1.69479 0.0870303 
1.03316 -0.0886245 8.83833 3.33772 3.19156 -0.801417 -0.7369 2.00472 0.415833 1.34181 3.51049 -0.054902 1.92682 0.256014 1.37581 4.48626 -0.258327 -0.955339 0.13172 3.83175 2.75142 -0.231669 -0.422629 3.87552 3.22888 -0.850902 0.24985 2.88659 -0.275319 3.1267 0.519275 0.155515 -0.860299 -1.21732 -0.0130552 0.522721 0.300562 0.0473905 3.33142 0.224607 -1.12183 0.374946 0.670845 0.577192 5.70941 1.73064 0.204238 -0.41457 1.53442 5.65472 4.78603 0.801045 0.762723 0.86928 -0.485173 -0.224343 2.92322 2.40525 3.98578 0.354354 0.0303085 1.24839 2.57068 -0.314174 
1.51397 0.340661 -0.217858 1.48404 1.72494 1.08115 1.23889 1.9687 -0.00709983 1.57668 1.91816 0.397635 1.64271 0.530888 1.47996 -1.15144 0.161485 1.0014 1.37868 1.74559 1.29388 0.662909 0.357452 2.3177 2.22459 1.33123 1.3025 2.39119 1.04139 2.01408 1.08944 0.101927 0.764645 1.02445 0.0781155 1.34508 0.706502 0.134556 1.84498 0.243296 1.76702 1.83263 1.48304 1.26717 -0.616005 1.74635 0.283358 1.19207 1.76499 -0.678106 -0.889889 1.24067 1.73179 1.76732 0.250222 0.546085 1.53817 1.66482 1.8843 0.507934 0.679105 1.38161 1.51525 0.81195 
0.887073 0.517901 0.458926 2.2814 1.73958 0.597817 1.02235 1.36334 0.839721 1.14293 1.56473 -0.0269042 1.51675 0.768993 1.21876 -0.183245 0.382597 1.3285 1.00898 1.1497 1.54845 0.766921 0.126579 2.14586 1.50012 1.07941 1.18445 1.89387 0.55806 1.37795 1.34612 0.614934 0.934613 0.172605 -0.144879 0.928874 0.41226 0.311453 1.54385 0.421037 0.752086 1.40183 1.20857 0.836753 0.104104 1.10824 0.331828 0.724362 1.59974 -0.183684 0.0834125 1.33159 1.37515 1.54182 0.471791 0.76269 1.94809 1.42176 1.53283 0.0038026 0.443867 1.12481 1.62779 0.0528605 
3.2269 0.972756 -0.532739 2.76163 3.31123 1.15602 2.37166 2.81328 0.574271 2.90154 2.77192 0.618361 3.07171 0.489036 2.21672 -1.25519 0.0534693 0.359724 2.89813 0.800331 2.82128 0.0402189 0.561018 3.05481 3.23168 0.706482 2.92618 0.874519 0.793923 3.08138 3.14432 0.254194 0.777191 1.26522 0.138871 2.98785 0.470059 0.119574 3.10246 0.735511 2.70701 2.63979 2.75051 3.09546 -1.15212 3.16503 0.530282 0.535364 3.42021 -1.59554 -1.01098 2.59111 1.9839 3.0987 -0.43522 0.554763 3.35262 3.00356 3.27464 0.209739 0.334605 1.45649 2.89153 -0.0603056 
2.65901 0.392427 -0.940226 2.5988 2.69168 1.12129 1.53386 2.68085 0.174405 2.6442 2.0923 0.355386 3.1402 0.023057 2.70535 -1.6941 0.242337 1.04646 3.74257 0.996299 2.60602 1.89072 0.592722 2.12309 2.8707 0.826834 3.46206 1.67355 -0.267113 2.50998 2.89632 0.775972 0.81046 1.44309 0.204205 2.55716 0.421762 0.259351 2.75881 0.404377 2.29056 2.48312 2.78092 3.284 -1.13311 2.92784 0.717402 0.082333 3.04583 -1.14962 -1.48565 2.69013 2.37361 2.6964 -0.528825 0.485336 2.831 2.68057 2.46265 0.135761 0.742839 2.34208 2.95988 0.0558227 
2.13143 0.880148 0.314424 1.95401 2.55838 0.946179 1.80603 2.04419 0.673812 2.09634 1.90508 0.569957 2.3833 0.480228 2.28656 -0.485154 0.130749 1.71077 2.1407 1.09057 1.98396 1.09824 0.63398 2.12546 2.4221 0.81915 1.88625 2.43923 3.13527 2.40844 2.21713 0.190283 0.502708 1.01407 -0.084215 1.92793 0.479184 0.652709 2.00539 0.468173 1.868 1.8226 1.59993 1.54084 -0.368309 2.14059 0.189652 2.01517 1.93481 0.00721253 -0.106815 1.64614 1.688 1.78769 -0.0647654 0.448527 2.35626 1.97738 2.43326 1.40472 0.0179373 2.50873 2.38026 0.34216 
2.94118 0.296328 0.21131 2.53728 2.9019 1.16472 2.16521 2.4592 0.362107 2.52673 2.25771 0.448901 2.90824 0.289971 2.36612 -0.579226 0.339286 2.17466 2.44458 1.03797 2.5244 0.261534 0.540489 2.93538 3.01059 1.13529 2.1288 2.63212 0.683674 3.02804 2.55746 0.116759 2.37526 0.968271 0.71788 2.8654 0.484987 0.576054 2.39709 0.628184 1.99566 2.36505 2.99795 2.48723 -0.753973 2.66625 0.0607157 1.97911 3.04802 -0.373981 -0.570668 2.87941 2.47006 2.79041 -0.312001 0.245017 2.53464 2.73641 2.74967 -0.15539 0.468734 3.16438 2.80012 1.06487 
2.54237 1.05093 0.025323 2.73689 2.44744 1.21697 2.32091 2.70291 0.540581 2.75782 1.95194 0.373326 2.68797 0.206312 2.54494 -0.978849 0.335066 1.37286 2.73916 1.04311 2.61866 1.15562 0.581793 2.51134 2.53773 0.880346 2.94398 0.848566 0.455509 2.76451 2.50976 0.353325 0.821001 1.36101 0.792446 3.03295 0.399899 0.230797 2.84527 0.76336 2.41852 3.306 2.45538 2.44663 -0.710036 2.23173 0.765227 0.439929 2.75936 -0.810037 -1.34605 2.11603 2.53711 2.26109 0.0497819 0.439376 2.94063 2.71679 2.09141 0.259591 0.718112 2.63178 2.50692 0.42603 
3.44075 -0.0547095 -1.435 2.68061 2.96812 1.91299 2.68797 3.14218 -0.202634 3.59029 2.31757 0.377156 3.21445 -0.0846566 2.92169 -1.80049 0.0479377 1.37977 3.44015 0.423957 3.28753 0.238951 0.425181 2.82745 2.70945 0.417646 3.92911 1.82812 0.601533 3.51305 3.0409 0.155878 0.174049 1.59013 0.0207808 3.29957 0.638025 0.120887 3.28433 -0.183859 3.42717 3.396 3.22337 3.92974 -2.22088 3.81486 0.111666 1.01835 3.38145 -2.06687 -1.79263 3.13455 3.43145 3.52956 -0.653301 0.502646 3.47801 3.0526 3.21294 0.250417 0.348446 3.53341 3.05024 -0.221077 
2.91513 0.342573 0.28117 3.43726 3.14808 1.82998 2.06983 2.63843 -0.216161 3.22838 3.08254 0.444773 3.14232 0.743665 2.89196 -0.180659 -0.0325339 -0.248754 2.2801 1.35263 3.50963 1.59528 0.450403 3.23859 3.34046 0.849743 2.73842 2.91632 0.5608 3.1747 2.68238 0.473572 -0.067185 1.26284 0.171611 2.87482 0.531257 0.28926 3.58982 0.334997 2.42035 2.82825 2.75149 2.23889 -0.320689 3.02048 -0.101733 3.02889 3.15407 -0.450575 -0.103342 3.14533 2.3857 3.39051 0.149481 0.495759 2.85356 3.59257 3.15902 0.699995 0.648849 2.81317 3.26928 0.336792 
0.294344 -0.269918 2.03169 1.07425 0.509699 0.289966 -0.184563 1.0621 0.0195513 0.131316 1.23844 -0.0745152 0.14767 0.0291315 0.405145 1.25521 -0.678602 0.253554 0.34955 0.684804 0.667505 -0.11479 0.210581 0.535173 0.954729 0.29596 -0.339279 0.0939712 -0.270523 0.547499 0.0508955 0.0824596 0.00594984 0.0540984 -0.0746849 0.217917 0.516225 0.299699 0.586809 0.130742 -0.21755 -0.122271 -0.296596 0.0115454 1.29528 0.0795963 0.00840981 0.248386 0.384337 1.26607 1.15929 0.532204 0.430318 0.483286 0.148417 -0.715994 0.918447 0.908901 0.525711 0.21268 0.128558 0.44452 0.688939 -0.0406135 
0.210205 -0.184469 6.4535 2.01559 2.24794 -0.947988 -0.72748 0.200749 0.372757 0.270543 2.1552 -0.466793 1.00422 0.432293 0.81631 3.00962 0.0583423 -0.565806 -0.787749 2.52975 1.54164 -0.335074 0.115935 2.00619 1.54397 -0.677175 -0.356142 1.84761 -0.371866 1.51026 -0.00034623 0.215776 -0.301155 -0.73144 -0.116369 -0.389554 -0.201203 -0.240816 1.27876 -0.242166 -1.14612 -0.0593284 -0.205539 -0.54977 3.95444 0.810689 0.354815 -0.553619 0.316145 3.62888 3.30848 -0.260606 -0.158614 -0.0540507 0.323138 -0.403391 1.87878 1.08998 1.86849 0.201568 -0.293297 0.0984625 0.77829 0.426993 
1.1092 0.184581 6.76286 2.87246 2.99672 0.0910676 0.0601068 1.81354 -0.0876154 2.10811 2.75612 0.233515 2.72632 -0.263216 1.66795 3.32595 -0.0564403 0.089032 0.788591 1.7584 2.35908 0.265196 0.169675 2.69281 2.90089 0.0167398 0.885398 2.27271 0.205046 3.08547 1.17495 -0.0391885 0.479809 -1.07748 0.0183911 1.47679 -0.398779 -0.813214 2.34731 -0.0356374 0.524714 0.975061 1.46343 1.517 3.87398 1.90461 0.235012 -0.0527723 1.60106 3.81788 3.60374 1.05044 0.704079 1.55663 0.312643 0.302399 2.63188 2.66094 2.2773 -0.116365 -0.227505 1.42031 2.15172 0.266318 
-0.473625 0.0746799 0.326566 -0.155129 0.341016 -0.233397 -0.355001 0.0976283 0.0902977 0.118493 0.523751 -0.0699765 0.49998 0.058603 0.203268 0.130321 0.219379 -0.303547 0.709706 0.0766231 -0.264249 0.337554 0.206213 -0.38196 -0.0933805 0.276848 0.22818 0.0354526 -0.207791 -0.381628 -0.25754 0.150871 0.0467967 0.0543035 0.172306 -0.0532886 -0.0300843 0.260378 -0.682317 0.337364 -0.0209804 0.142109 0.023859 0.160873 -0.240626 0.152797 -0.0598334 -0.168899 0.498861 -0.173501 -0.184235 0.340114 -0.167231 0.150188 -0.384399 0.242957 0.305523 0.147756 -0.451153 0.0846159 -0.205148 -0.385376 -0.38481 0.0575443 
0.529152 -0.0854796 -0.10799 -0.130784 -0.267644 0.35073 -0.0848494 -0.296948 0.0241659 0.0660078 -0.100454 0.20226 -0.180429 -0.553365 -0.198114 0.159823 0.293542 0.124936 -0.0920515 -0.306022 0.467026 0.268831 0.44743 0.275887 0.108195 -0.292419 0.521769 -0.167658 0.18501 0.16263 -0.166756 0.0107275 -0.182898 0.212624 0.232481 -0.390304 -0.302653 0.388054 0.274528 0.0833253 0.2621 0.127461 0.0406711 0.0243842 0.196934 0.0583627 -0.0925336 0.0935312 0.22973 -0.265719 0.0460618 -0.130671 0.142566 0.502902 -0.21118 -0.0498423 -0.197477 0.0221708 -0.000228049 0.116579 0.233778 0.507788 0.0917271 0.235526 
0.234001 0.161894 0.0128361 -0.0507467 0.184619 0.427099 0.15833 -0.232878 0.10267 0.329369 -0.165067 0.0588364 -0.438492 -0.122411 0.169609 -0.183314 0.149629 -0.377779 0.019252 0.0722195 0.212723 0.242956 -0.0937046 -0.00765927 -0.239041 -0.524483 0.166847 -0.0222292 -0.281494 -0.197258 -0.57109 -0.296748 0.120259 0.293504 -0.17241 -0.0447208 -0.184127 0.13937 0.0283061 0.377389 -0.0100092 -0.123161 0.132251 0.0501115 -0.121811 -0.22149 -0.226005 0.13517 0.204027 -0.170186 -0.130144 1.02983 -0.359284 -0.338805 0.0185646 0.286389 0.0734024 0.108569 -0.298102 -0.0191849 0.10591 -0.357812 0.119642 -0.12954 
-0.202551 0.227022 0.00901559 0.056951 -0.18713 -0.372202 0.244617 -0.400158 0.183268 0.724292 -0.630452 0.376252 0.0248545 -0.150473 -0.262006 0.14477 0.25702 0.238705 0.0348087 -0.204693 0.286771 0.0755537 -0.287619 0.123736 -0.432156 -0.460257 -0.205629 0.0151793 0.458748 -0.181447 0.101729 0.543355 -0.127194 0.432413 0.249695 0.0152828 -0.0120648 0.156072 0.096308 -0.0460461 0.0871422 0.13033 0.0964112 0.164113 0.389491 0.471955 -0.306564 -0.0400058 -0.121415 -0.0145285 0.22572 0.594535 0.166705 0.2282 0.0377505 -0.860355 0.0467204 -0.0794349 0.265452 0.121988 -0.0524655 0.0442505 -0.212032 -0.292816 
3.69269 -0.766546 9.52705 4.2704 4.35998 -0.545347 0.272815 3.71367 -0.571097 3.82487 3.31482 -0.351645 4.23936 -1.33981 3.73324 8.0984 -1.12092 -1.04179 4.87441 -0.816472 4.30432 -1.20053 -0.347778 4.14951 4.3614 -0.415834 5.00005 1.00247 -0.44652 4.33355 3.10314 -1.12616 -0.399626 -1.9329 -1.21975 4.58036 -0.295636 -0.7174 4.48356 -1.25561 1.44836 3.76039 3.31077 5.23985 9.52696 4.01139 -0.528947 0.95039 3.92916 9.527 8.36124 3.37366 2.6313 4.0083 -1.75306 -0.422548 4.3975 4.32366 4.15801 -1.28212 -0.490038 5.13417 4.20811 -1.11386 
-0.490586 
-8.04245 
1.60349 
-0.8438 
-0.721637 
-3.86126 
-1.37347 
-0.516867 
-9.23457 
-0.504865 
-0.918725 
-9.70404 
-0.588557 
-9.74962 
-1.30865 
1.95175 
-9.5241 
-3.05379 
-0.547818 
-9.7073 
-0.628043 
-3.85125 
-9.16827 
-0.774579 
-0.708695 
-9.14777 
-0.726769 
-1.66766 
-5.26455 
-0.659075 
-0.475551 
-9.3765 
-2.72373 
0.173298 
-9.51524 
-0.569949 
-9.20711 
-9.30564 
-0.675112 
-9.4134 
0.179275 
-0.89336 
-0.481405 
-0.791541 
1.88187 
-0.519811 
-8.3839 
-0.0388647 
-0.509816 
1.85621 
1.91862 
-0.44809 
-1.51654 
-1.06749 
-9.41918 
-9.19326 
-0.693 
-0.569809 
-0.821971 
-9.4558 
-9.34608 
-0.635933 
-0.552576 
-9.45967 
2.38246 

# Training State Metadata
FILENAME tetris_model_best_20260905_214444_score16300.txt
EPSILON 0.553508
EPSILON_MIN 0.05
EPSILON_DECAY 0.995
LEARNING_RATE 0.0015
GAMMA 0.99
TRAINING_EPISODES 5929
TOTAL_GAMES 119
BEST_SCORE 16300
AVERAGE_SCORE 1025
PREVIOUS_AVG_SCORE 1025
