# Neural Network Model File
# Saved: 2026-09-05 21:45:53
# Filename: tetris_model_best_20260905_214553_score25200.txt
#
-1.39033 0.358685 6.78623 2.06261 0.851703 -2.22461 -1.50283 -1.73664 -0.90574 -1.00306 2.0459 0.481421 -0.380999 0.142462 0.616505 2.93425 0.510121 -1.26063 -1.30821 3.88379 0.0810003 -0.882391 -0.92114 1.12388 -0.0111732 -1.48218 -1.07737 3.19276 -0.809203 0.545293 -1.17639 0.0953961 -0.110156 -2.67009 0.288326 -0.771907 0.183991 0.523698 0.00966106 0.670646 -1.22516 -0.568811 -0.819777 -1.30234 3.75476 -1.13142 -0.286533 -1.01154 -1.03328 3.83143 2.71147 -0.793456 0.503757 0.0456339 0.0200688 0.514822 0.654321 -0.635506 1.29461 -0.0489343 -0.116006 -0.752835 -0.593936 0.216739 
-0.823375 -0.281209 6.40589 1.54235 1.06031 -0.835369 -1.29624 -1.40886 -0.260664 -1.17727 1.75576 0.303909 0.167003 -0.205839 0.356971 3.36321 0.160343 -1.81512 -0.951283 3.81133 0.171257 0.0601338 -0.530441 1.44772 0.596429 -0.232173 -1.15982 3.42675 -0.389265 0.464353 -0.8644 -0.0148857 0.192281 -2.13332 0.0517876 -1.10554 -0.129366 -0.616768 1.00105 -0.0833536 -1.15956 -0.842443 -0.920458 -1.03697 3.97584 -0.384541 0.195378 0.656251 -0.845474 3.90249 3.337 -0.420571 0.0061008 -0.450873 0.131341 0.48144 0.901684 -0.94844 2.02361 -0.121319 0.401304 -0.3149 -0.542691 0.301148 
-0.432297 0.0798422 6.22243 2.36446 1.33629 -0.0741294 -0.227177 -0.423738 -0.278234 0.1334 2.21049 -0.142693 0.421947 0.0653581 1.39979 2.04569 0.114989 -0.353275 -0.79155 2.69807 0.722173 0.0992999 -0.484983 1.47601 1.66287 0.586951 -0.340344 2.78007 0.338239 1.59219 -0.431352 -0.188356 -0.651953 -1.02682 0.303481 -0.36139 -0.848592 -0.393265 1.42107 0.123564 -0.0457956 0.492439 0.00876875 0.165444 3.54648 -0.0575172 -0.496492 0.439346 -0.507655 3.42403 2.75347 -0.744311 0.728174 0.273879 0.0473994 -0.778677 1.17838 0.551943 1.92698 0.0223665 -0.786798 0.335659 -0.23654 -0.42423 
-0.387265 -0.0600236 6.16283 2.15076 1.20528 0.270364 0.35719 -0.563073 0.25758 -0.254869 1.72908 0.00710967 -0.674005 0.163979 1.0569 2.66794 0.0344092 0.0157798 -0.0228107 2.41071 0.462828 -0.423171 -0.0719388 0.933521 0.510603 0.282205 -0.125918 2.35089 -0.241318 0.0792636 -0.357349 -0.393135 0.145427 -1.33259 -0.174619 -0.277541 -0.182569 -0.553606 1.14589 -0.0931791 -0.0169396 0.334591 -0.465937 -0.0110591 3.73881 -0.515396 -0.0133394 -0.670378 -0.573902 3.67408 2.9392 -0.134841 0.360378 0.269344 -0.0631537 -0.624273 1.31573 0.0188112 1.64056 -0.529432 -0.395146 0.0850416 -0.347139 -0.237131 
-0.912043 0.0633064 6.76979 1.39012 0.395196 -0.717184 -0.27721 -0.973784 -0.40167 -1.05683 1.08716 0.614054 -0.0421237 0.212275 0.640116 2.71125 0.131791 0.382136 -0.602588 2.73725 -0.176311 0.501655 0.198093 0.820322 -0.151108 0.38251 -0.322044 1.7667 0.764574 0.129139 -1.15264 0.758506 0.694676 -1.66541 0.0319999 -0.972167 0.1537 0.293663 0.315184 -0.0232415 -0.63805 0.209461 -0.773174 -0.414584 4.0578 -0.697044 -0.231857 -0.13205 -1.1721 3.6638 3.09911 -0.692905 0.597488 0.127587 0.67248 0.0923277 0.467527 -0.683867 1.27344 0.21244 -0.130231 -0.321398 -0.835776 0.235035 
-0.956732 -0.287381 5.6614 1.60421 0.485237 0.0342693 -0.195304 -1.13596 -0.00890207 -0.990705 1.18391 -0.480434 -0.639174 0.0202584 0.835924 2.39489 0.0152818 0.286895 -0.265392 3.00927 0.0575503 -0.291667 -0.184813 0.842147 0.364009 0.0876304 -0.325043 2.37185 -0.129151 0.190876 -0.857548 -0.395627 0.478814 -1.11956 -0.228922 -0.514558 0.0913305 0.43986 0.244066 -0.041497 -0.648011 -0.264496 -0.467855 -0.0512104 3.06078 -0.299655 0.461177 -0.273276 -0.893165 3.71711 2.30623 -1.06567 0.520753 -0.0373128 0.670472 0.45525 0.253156 -0.174073 1.3355 0.0885288 0.360553 -1.30179 -0.497181 0.218611 
-0.830759 -0.0644896 6.99924 1.52124 1.06523 -0.272737 -0.550645 -0.714875 -0.349191 -1.11895 1.64749 -0.379912 -0.0800338 0.396496 0.169543 3.50138 0.109847 0.799883 -0.980212 3.3232 0.0205261 -0.35808 0.306963 1.14379 1.35471 0.517499 -1.25476 1.5971 0.237136 0.647582 -0.495964 -0.217659 0.548817 -1.46246 0.0497899 -1.25942 -0.199066 0.349164 0.840284 -0.138913 -0.517481 -1.02626 -0.767466 -1.04651 4.18163 -0.367948 -0.298069 -0.911273 -1.08681 4.53665 4.17198 -0.756533 -0.140683 -0.386147 -0.0674378 0.519886 0.798212 -0.0342045 1.72216 -0.0909406 0.626093 -1.18869 -0.750919 -0.0472105 
-0.474638 0.00295134 5.96453 1.94397 0.975846 -0.00267063 -0.18951 -0.132851 -0.0982179 -0.207548 2.02411 0.076535 0.444149 -0.0910869 1.03074 2.52795 0.161967 -0.720484 -0.866276 2.26502 0.555093 -0.16193 -0.129166 1.11809 1.73798 0.0693499 -0.807254 2.16217 -0.0739473 0.429068 -0.460791 0.201184 -0.622025 -1.44742 0.028112 -0.436319 0.847575 0.481964 0.982805 0.0892136 -0.344612 -0.633048 -0.405292 -0.594526 3.11287 -0.602707 -0.563996 -0.506235 -0.27583 3.5217 2.63662 -0.304945 0.170559 0.341108 0.137101 0.127525 0.858197 0.354377 1.57719 0.303968 -0.0299198 -0.659419 0.144217 -0.169684 
-0.234561 -0.00518392 5.93576 2.25865 1.14005 -0.700127 -0.280744 -0.177267 -0.0151993 -0.50874 1.84019 0.0165372 0.65352 0.0349183 1.6063 2.73398 -0.251721 -1.07523 -0.370434 3.05981 0.855009 -0.13663 0.450459 1.62113 1.37682 -1.56148 -0.051168 2.86807 -0.546928 1.32241 -0.383298 0.471173 -0.612614 -1.72162 0.140677 -0.414079 -0.777356 -0.267745 1.43675 0.0617931 -0.381476 -0.403684 -0.0822805 -0.216386 3.1323 0.295646 -0.0237893 0.398901 -0.507382 3.19587 2.60466 -0.387425 0.486076 -0.0721131 0.453355 -1.27059 1.24961 0.436996 2.26702 0.0833514 -0.0851321 -0.362592 0.318164 -0.24151 
-0.194491 -0.178671 5.24198 1.78507 1.52842 -2.03541 -1.79253 -0.640215 0.117009 -0.534341 2.13506 -0.450683 0.719878 -0.00702702 1.16676 2.56816 0.297453 -0.997004 -0.587686 3.09225 0.868331 -0.745968 -0.182827 1.61648 1.08759 -2.42886 -0.826691 2.12494 -0.580716 0.487464 0.127534 -0.336205 -0.247943 -2.31431 0.369724 -0.159026 -1.5398 -0.181049 0.860273 0.0107025 -0.952118 0.169205 0.0054101 -0.384294 3.55872 -0.216284 -0.237405 -0.590796 -0.568937 3.1946 2.79177 -0.627056 0.760584 0.258641 -0.224686 -1.02718 1.33375 -0.0413719 1.89689 -0.0187977 -0.479034 -1.13131 0.331334 0.0352116 
-0.561009 -0.245952 8.90763 2.7176 2.07126 -0.798098 -0.746592 -0.178295 0.293922 -0.57856 3.07766 -0.343311 0.133737 0.0488058 1.57399 4.28486 -0.317298 -1.03167 -0.120673 4.16014 1.0988 -0.27402 -0.621404 2.96544 2.03651 -1.03289 0.0360439 3.22288 -0.521415 1.66559 0.105468 0.0731352 -1.33278 -2.15659 -0.100238 -0.170509 0.159999 -0.0405229 1.95486 0.15074 -0.661389 0.122673 0.00970841 0.0444647 5.54391 -0.00152387 0.00520567 -0.224936 -0.683092 5.50319 4.60174 0.368121 1.08271 0.885721 -0.544626 -0.288366 1.65283 0.436665 3.28722 0.342258 -0.1884 -0.0509117 0.484531 -0.472143 
1.61827 0.433093 -0.451963 1.64695 1.82899 1.19286 1.56222 1.98929 0.0518932 1.64085 2.10311 0.444659 1.66757 0.537223 1.73984 -1.41594 0.194223 1.09761 1.60181 1.99699 1.33543 0.759944 0.461802 2.4467 2.32013 1.42194 1.52067 2.66675 1.15147 2.07812 1.30331 0.130952 0.907425 0.953837 0.104609 1.51181 0.793152 0.15862 1.91884 0.273868 2.15871 2.03917 1.66306 1.44061 -0.876908 1.78869 0.363341 1.4992 1.78281 -0.937476 -1.15273 1.4443 2.006 2.00507 0.274375 0.658177 1.62451 1.66897 2.03803 0.55204 0.743278 1.46616 1.50406 0.850419 
0.861651 0.543165 0.250819 2.40119 1.77575 0.646099 1.24639 1.21791 0.847924 1.04915 1.71622 -0.0142093 1.43984 0.789665 1.47469 -0.43924 0.425324 1.37007 1.2036 1.45035 1.49523 0.815254 0.161352 2.21712 1.5241 1.0822 1.3729 2.17519 0.609275 1.35674 1.52918 0.646138 0.996529 0.0385067 -0.101095 1.0407 0.468554 0.348654 1.53681 0.455431 1.07393 1.58252 1.32216 0.969812 -0.144997 1.04789 0.402249 0.943247 1.45319 -0.430233 -0.169294 1.51138 1.65301 1.76741 0.508219 0.801771 1.95892 1.31616 1.63947 0.0780207 0.482307 1.13002 1.50352 0.120718 
2.97656 0.957081 -0.77671 2.89643 3.33727 1.28838 2.32871 2.56838 0.6727 2.63324 2.94244 0.633603 2.96749 0.478386 2.53294 -1.54294 0.0831049 0.39153 3.07297 0.950944 2.74366 0.0695688 0.51162 3.1252 3.24274 0.722574 3.13402 1.22897 0.724606 3.04101 3.20596 0.283828 1.09172 1.01343 0.168511 3.0586 0.503165 0.125207 3.07786 0.687743 2.80327 2.85233 2.77187 3.25067 -1.43355 2.97483 0.455356 0.505682 3.12484 -1.87462 -1.29545 2.70264 2.33586 3.37554 -0.405588 0.594697 3.34858 2.86733 3.39352 0.221423 0.281499 1.45458 2.74948 -0.0306682 
2.41644 0.44769 -1.05675 2.67244 2.68847 1.37612 1.34065 2.46492 0.23527 2.3297 2.19597 0.431057 3.01253 0.0539386 2.87187 -1.84699 0.285215 1.23896 3.84358 1.29802 2.50627 1.88236 0.628625 2.15366 2.8548 0.770743 3.59763 1.84323 -0.20689 2.44727 2.96648 0.709421 0.767233 1.17309 0.253111 2.5895 0.488735 0.278222 2.71064 0.459322 2.18152 2.61585 2.77268 3.37663 -1.28054 2.71548 0.732119 -0.00603076 2.70872 -1.29446 -1.63596 2.76841 2.54602 2.85786 -0.467854 0.49528 2.80187 2.51946 2.52452 0.172568 0.838452 2.31194 2.79379 0.110664 
1.89297 0.775024 0.222909 1.92077 2.40237 1.12116 1.81464 1.64164 0.698372 1.79202 1.91962 0.552719 2.05456 0.470601 2.4561 -0.640952 0.181084 1.67558 2.11209 1.39989 1.69398 1.30052 0.592483 2.02251 2.24764 0.975898 1.90788 2.63297 3.41615 2.16655 2.11097 0.252724 0.523415 0.690733 -0.0218666 1.83227 0.495611 0.744269 1.78491 0.518552 2.06019 1.88345 1.45935 1.52603 -0.519699 1.78135 0.199406 2.22177 1.48953 -0.142113 -0.260424 1.46603 1.87934 1.91255 -0.00832573 0.565844 2.16165 1.60206 2.38112 1.72264 0.0743526 2.29259 1.97998 0.374524 
2.83024 0.354948 0.193672 2.51039 2.80493 1.14505 2.39423 2.08576 0.377683 2.39108 2.25271 0.547678 2.68993 0.317571 2.47345 -0.674707 0.344045 1.94943 2.30481 1.32774 2.33271 0.321605 0.552537 2.8696 2.90076 1.0495 2.07248 2.78883 0.63009 2.86971 2.4357 0.174389 2.62339 0.765282 0.679465 2.74973 0.560698 0.602242 2.25337 0.667529 2.05572 2.37662 2.86515 2.46322 -0.833582 2.44322 0.0953401 2.22842 2.80187 -0.448081 -0.658717 2.69904 2.6202 2.85089 -0.25439 0.194102 2.41006 2.48557 2.71268 -0.0977952 0.532121 3.01687 2.53186 1.10304 
2.39991 1.01548 -0.199383 2.82104 2.39989 1.13655 2.28466 2.28932 0.670652 2.53497 2.08662 0.367945 2.46614 0.263833 2.83203 -1.28003 0.35927 1.50484 2.81375 1.39339 2.43264 1.31603 0.752619 2.51998 2.47126 1.03449 3.07462 1.17798 0.590976 2.62649 2.61237 0.422893 0.75809 1.11706 0.81402 3.04389 0.445876 0.316377 2.73044 0.796894 2.74224 3.48385 2.4303 2.55194 -1.00146 1.99079 0.782422 0.0862349 2.34247 -1.09651 -1.64314 2.27422 2.85757 2.50507 0.101356 0.505112 2.85387 2.44964 2.15563 0.27871 0.781165 2.51778 2.21272 0.453584 
3.03366 -0.0607688 -1.40911 2.61072 2.80367 1.86391 2.34639 2.56761 -0.20885 3.09057 2.28345 0.364223 2.9154 -0.0968496 2.9702 -1.81341 0.041743 1.49508 3.3301 0.394271 3.01488 0.234233 0.422041 2.70311 2.5311 0.459668 3.90422 1.88158 0.564386 3.28182 2.75378 0.149679 0.132575 1.4174 0.0145755 3.17202 0.634892 0.108674 3.07017 -0.190048 3.35406 3.38966 3.05813 3.87721 -2.22911 3.44542 0.0933288 0.541065 2.90027 -2.0743 -1.80268 2.94651 3.48427 3.56146 -0.659492 0.578642 3.28491 2.72186 3.1278 0.220235 0.331735 3.32015 2.70688 -0.227303 
2.53696 0.341983 0.290117 3.41374 3.04638 1.68018 2.08434 2.33635 -0.218235 2.80931 3.09013 0.38851 2.95174 0.630447 2.95586 -0.202953 -0.0345275 -0.244984 2.16519 1.34543 3.33805 1.40713 0.476545 3.16743 3.22938 0.881268 2.75616 2.96845 0.668751 3.02615 2.4977 0.447488 -0.102747 1.05646 0.163631 2.8195 0.53601 0.295671 3.4529 0.326967 1.99764 2.86271 2.71748 2.23436 -0.339424 2.82852 -0.11321 3.04886 2.74432 -0.468597 -0.123664 3.0355 2.43647 3.44877 0.135397 0.539427 2.73075 3.3739 3.12184 0.600022 0.567083 2.67836 3.02505 0.292768 
0.139722 -0.302222 2.03657 0.924506 0.238599 0.25968 0.228671 0.680359 -0.0367497 -0.153903 1.13481 -0.240829 -0.286731 -0.00984231 0.462836 1.18169 -0.667692 0.276481 0.381686 0.810756 0.266799 -0.0436274 0.251545 0.316058 0.665775 0.148058 -0.377516 0.193271 -0.40894 0.19233 0.148417 0.0497016 -0.00850031 -0.152187 -0.0673755 0.111126 0.498702 0.27657 0.252203 0.113441 0.405033 -0.18362 -0.358554 -0.119418 1.23114 -0.274996 0.0831335 0.638586 -0.0201619 1.20602 1.09003 0.550894 0.524817 0.489499 0.112238 -0.791898 0.609965 0.432793 0.357383 0.142382 0.153799 0.13214 0.183128 0.0685425 
-0.84153 -0.260079 6.46186 1.5968 1.47552 -0.920097 -0.499315 -1.23911 0.318947 -0.989132 1.86915 -0.680551 -0.241046 0.267182 0.982928 2.8246 0.00821262 -0.558884 -0.913188 2.76935 0.394675 -0.302313 0.0573542 1.38259 0.721014 -0.726142 -0.464142 2.11525 -0.477354 0.498428 -0.232311 0.14725 -0.441117 -1.371 -0.194199 -0.819887 -0.29578 -0.322716 0.326414 -0.295543 -0.630866 -0.215788 -0.596374 -0.903317 3.79424 -0.370165 0.240041 -0.262511 -1.1671 3.47883 3.13513 -0.501568 0.0979159 -0.0206494 0.271344 -0.441102 1.00103 -0.279656 1.39418 0.131096 -0.391868 -0.785036 -0.675576 0.340119 
0.289653 0.168493 6.68126 2.57864 2.35345 0.17835 0.426155 0.482571 -0.141151 0.98245 2.59483 0.105227 1.61107 -0.349582 1.95525 3.04402 -0.0330942 0.0675611 0.860742 2.22454 1.34279 0.280046 0.083938 2.19624 2.20676 -0.114251 0.883559 2.66139 0.0425004 2.20237 1.21275 -0.0548351 0.242359 -1.72988 0.0420716 1.16162 -0.417038 -0.833477 1.52331 -0.0496745 1.27006 0.93935 1.18115 1.28042 3.61965 0.878253 0.28412 0.204381 0.286613 3.57395 3.33494 1.02965 1.08043 1.71333 0.312522 0.347359 1.88263 1.42417 1.92861 -0.145237 -0.311273 0.648392 0.837003 0.24134 
-0.473625 0.0746799 0.326566 -0.155129 0.341016 -0.233397 -0.355001 0.0976283 0.0902977 0.118493 0.523751 -0.0699765 0.49998 0.058603 0.203268 0.130321 0.219379 -0.303547 0.709706 0.0766231 -0.264249 0.337554 0.206213 -0.38196 -0.0933805 0.276848 0.22818 0.0354526 -0.207791 -0.381628 -0.25754 0.150871 0.0467967 0.0543035 0.172306 -0.0532886 -0.0300843 0.260378 -0.682317 0.337364 -0.0209804 0.142109 0.023859 0.160873 -0.240626 0.152797 -0.0598334 -0.168899 0.498861 -0.173501 -0.184235 0.340114 -0.167231 0.150188 -0.384399 0.242957 0.305523 0.147756 -0.451153 0.0846159 -0.205148 -0.385376 -0.38481 0.0575443 
0.529152 -0.0854796 -0.10799 -0.130784 -0.267644 0.35073 -0.0848494 -0.296948 0.0241659 0.0660078 -0.100454 0.20226 -0.180429 -0.553365 -0.198114 0.159823 0.293542 0.124936 -0.0920515 -0.306022 0.467026 0.268831 0.44743 0.275887 0.108195 -0.292419 0.521769 -0.167658 0.18501 0.16263 -0.166756 0.0107275 -0.182898 0.212624 0.232481 -0.390304 -0.302653 0.388054 0.274528 0.0833253 0.2621 0.127461 0.0406711 0.0243842 0.196934 0.0583627 -0.0925336 0.0935312 0.22973 -0.265719 0.0460618 -0.130671 0.142566 0.502902 -0.21118 -0.0498423 -0.197477 0.0221708 -0.000228049 0.116579 0.233778 0.507788 0.0917271 0.235526 
0.234001 0.161894 0.0128361 -0.0507467 0.184619 0.427099 0.15833 -0.232878 0.10267 0.329369 -0.165067 0.0588364 -0.438492 -0.122411 0.169609 -0.183314 0.149629 -0.377779 0.019252 0.0722195 0.212723 0.242956 -0.0937046 -0.00765927 -0.239041 -0.524483 0.166847 -0.0222292 -0.281494 -0.197258 -0.57109 -0.296748 0.120259 0.293504 -0.17241 -0.0447208 -0.184127 0.13937 0.0283061 0.377389 -0.0100092 -0.123161 0.132251 0.0501115 -0.121811 -0.22149 -0.226005 0.13517 0.204027 -0.170186 -0.130144 1.02983 -0.359284 -0.338805 0.0185646 0.286389 0.0734024 0.108569 -0.298102 -0.0191849 0.10591 -0.357812 0.119642 -0.12954 
-0.202551 0.227022 0.00901559 0.056951 -0.18713 -0.372202 0.244617 -0.400158 0.183268 0.724292 -0.630452 0.376252 0.0248545 -0.150473 -0.262006 0.14477 0.25702 0.238705 0.0348087 -0.204693 0.286771 0.0755537 -0.287619 0.123736 -0.432156 -0.460257 -0.205629 0.0151793 0.458748 -0.181447 0.101729 0.543355 -0.127194 0.432413 0.249695 0.0152828 -0.0120648 0.156072 0.096308 -0.0460461 0.0871422 0.13033 0.0964112 0.164113 0.389491 0.471955 -0.306564 -0.0400058 -0.121415 -0.0145285 0.22572 0.594535 0.166705 0.2282 0.0377505 -0.860355 0.0467204 -0.0794349 0.265452 0.121988 -0.0524655 0.0442505 -0.212032 -0.292816 
1.14855 -1.02689 9.79623 3.33476 2.74213 -0.492797 -0.299252 0.351816 -0.461756 0.835535 2.63227 -0.513596 1.67809 -1.59339 3.83369 8.12704 -1.19519 -1.03711 4.25453 -0.510663 1.94373 -1.16011 -0.414669 2.81901 2.64301 -0.375059 4.55262 1.26131 -0.274644 2.24065 2.17538 -1.21761 -0.440289 -3.65669 -1.32177 3.44186 -0.273688 -0.713237 2.50859 -1.35129 1.31195 3.31168 2.12625 4.41753 9.60806 1.38431 -0.786783 0.252123 0.470688 9.62825 8.41524 2.43388 2.87033 3.89924 -1.825 -0.320726 2.5699 1.5132 3.11641 -1.19301 -0.581017 3.23983 1.23545 -1.19941 
-1.63549 
-9.97449 
1.35738 
-1.0689 
-0.949019 
-7.04363 
-4.86977 
-1.08311 
-9.96936 
-1.3859 
-1.12431 
-9.99566 
-0.889014 
-9.97538 
-1.56186 
1.7278 
-9.97741 
-8.22397 
-1.24188 
-9.7121 
-0.884146 
-9.95424 
-9.96415 
-0.993578 
-0.933833 
-9.92679 
-1.29336 
-1.84266 
-8.91531 
-0.888179 
-1.25052 
-9.9882 
-2.82376 
-0.509074 
-9.9685 
-1.12432 
-9.98169 
-9.97332 
-0.897915 
-9.9818 
-3.57789 
-1.25157 
-1.2244 
-1.13962 
1.66186 
-1.06071 
-9.96531 
-2.70645 
-1.0572 
1.63297 
1.693 
-1.2261 
-1.85844 
-1.41856 
-9.94642 
-9.93093 
-0.915813 
-0.861059 
-1.05346 
-9.93967 
-9.9836 
-0.889793 
-0.749671 
-9.96441 
3.72595 

# Training State Metadata
FILENAME tetris_model_best_20260905_214553_score25200.txt
EPSILON 0.505754
EPSILON_MIN 0.05
EPSILON_DECAY 0.995
LEARNING_RATE 0.0015
GAMMA 0.99
TRAINING_EPISODES 7267
TOTAL_GAMES 137
BEST_SCORE 25200
AVERAGE_SCORE 1428
PREVIOUS_AVG_SCORE 1428
