# Neural Network Model File
# Saved: 2026-09-07 14:14:00
# Filename: tetris_model_best_20260907_score2117600.txt
#
-2.48071 0.0549031 9.05434 0.149583 0.371127 -1.9262 -1.54423 -2.15649 -1.29164 0.711183 1.30658 0.102691 -1.423 -0.08998 9.88299 9.99507 0.146959 -1.19452 -1.45605 6.02605 -1.09014 -1.02441 -2.29821 0.391396 -1.20013 -0.949504 -1.13709 2.92179 -1.25628 0.374274 -1.82199 -0.251559 -0.0675251 -4.94113 -0.0272024 -1.45544 0.26743 0.202294 -1.41482 0.282668 0.0235679 -0.234941 -1.77646 -1.82119 9.99502 -1.46611 -0.724961 -1.74881 -1.07082 9.99536 9.99486 -1.17507 0.160772 -1.06099 1.12572 0.404569 -1.07271 -1.48316 -0.812343 -0.451368 -0.837099 -0.634778 -0.903124 -0.0647676 
-0.76522 -0.538027 9.09058 0.55157 -0.293936 -0.462569 -2.00298 -1.73455 -1.10526 3.32577 1.77007 -0.0912144 -0.290344 -0.469698 9.8858 9.99721 -0.214801 -1.74506 -0.448819 5.78082 -0.838889 -0.0571333 -1.03997 0.696516 -0.551017 0.440134 -1.1487 3.18889 -1.34224 0.786323 -2.69632 -0.343521 0.285843 -4.2485 -0.283257 -0.856206 1.94055 -0.972766 -0.12255 -0.442561 -0.343801 -1.44138 -0.5197 -1.1736 9.99706 -0.441886 0.305464 0.372993 -0.593029 9.99735 9.99696 0.470681 -0.0696765 -0.778658 1.65757 0.424324 -0.199235 -1.67199 0.0759606 -0.733767 0.105218 0.618173 2.94723 0.00439278 
-0.0212548 -0.359418 8.79653 -0.79233 -0.464452 0.354842 0.730725 -0.669203 -0.880846 3.31511 -0.364561 -0.702701 -0.1077 -0.444106 9.74265 9.99492 -0.403643 -0.197712 -1.0431 3.64908 -0.417724 -0.307924 -1.9711 -0.733966 -0.148275 1.74129 -1.53361 1.58245 -0.470365 0.862101 -2.13275 -0.582332 -1.26257 -3.31441 -0.182202 -0.58749 -0.542975 -0.87095 0.404178 -0.380146 1.36316 1.5041 -0.306746 -0.597507 9.99492 -0.0598752 -1.13229 -0.0273421 -0.828423 9.99527 9.99472 -0.443159 -0.490119 -1.06913 -0.125762 -1.44103 0.0406992 0.114964 -0.625062 -0.94676 -2.09402 0.995273 -1.08633 -0.784983 
0.998437 -0.236526 8.93597 -0.62138 -0.87256 0.236204 1.67594 -0.768662 -0.305491 1.60467 0.302755 -0.233434 -1.26381 -0.106153 9.69026 9.99403 -0.200991 -0.0105787 -0.858048 4.41159 -0.775706 -0.63362 -1.76507 -1.09261 -1.61057 1.65025 -0.855882 2.13375 -0.731872 -1.4351 -1.28297 -0.506777 -0.197494 -3.46233 -0.371589 -1.18853 -0.0918174 -0.759928 -0.416492 -0.245987 -0.569 1.79767 -1.13007 -1.17754 9.99404 -0.842722 -0.210603 -0.27497 -0.897567 9.99436 9.99386 -0.153992 -0.151599 -1.34315 0.573446 -0.851099 -0.54514 -0.335099 -0.90779 -1.02457 -1.53095 0.871605 -0.398272 -0.370424 
1.30279 -0.194493 8.75805 -0.86087 -1.58429 -1.07707 1.02119 -1.27319 -0.958902 0.545573 0.126588 0.317624 -0.216469 -0.152564 9.60649 9.99739 -0.17696 0.12652 -0.878503 4.31133 -1.12091 0.202727 -0.191516 -0.13403 -1.72747 1.30782 0.121027 1.23296 0.276418 -1.28956 -1.56198 0.385749 0.0788873 -3.88387 -0.274047 -1.00353 0.265418 0.00482909 -0.570816 -0.328366 -0.282568 2.44887 -0.503955 -0.721341 9.99688 -0.76044 -0.711535 -0.753875 -1.27906 9.997 9.997 -0.198467 -0.470199 -0.73012 0.435107 -0.156599 -0.578962 -0.770579 -0.820751 -0.684767 -1.67252 -0.533051 -1.15649 -0.122182 
1.56151 -0.314446 8.76963 0.364723 -1.28015 0.00213783 0.527917 -1.03399 -0.147239 -2.04416 1.44636 -0.47526 -0.664548 -0.242935 9.39927 9.99748 -0.212014 0.216857 -0.584439 5.19175 -0.691595 -0.319742 -0.459697 -0.97534 -1.31388 0.750113 -0.623859 2.40192 -0.510734 -1.31528 -1.11173 -0.500364 -0.507594 -3.15964 -0.357328 -0.509618 0.825628 0.206131 -0.656419 -0.193603 -0.580786 2.39894 -0.545013 -0.44292 9.99676 0.0939039 0.315048 -0.265777 -0.768282 9.99686 9.99697 -0.498151 0.599971 -0.73079 0.898057 0.0177883 -0.970761 -0.220919 -0.699679 -0.160243 0.524009 -0.731787 0.393531 -0.0552551 
0.0308034 -0.464012 8.4525 -0.170712 -1.14028 -0.242685 -0.0337655 -0.816652 -1.09742 -0.879411 -0.0850952 -0.600571 -0.414743 -0.221334 9.2006 9.99705 -0.423714 0.779904 -1.21066 4.17447 -1.01676 -0.576593 0.286232 -0.157739 -0.478296 0.802682 -0.698116 0.427188 -0.35025 -0.938492 -1.16375 -0.561104 -0.581546 -3.65677 -0.369249 -1.01084 0.457886 -0.234899 -0.400928 -0.501655 -0.479397 0.435531 -0.955476 -1.06313 9.99667 -0.270596 -0.591775 -0.939688 -1.39718 9.99684 9.99672 0.123664 -0.610378 -1.07749 -0.329354 -0.284148 -0.515207 -0.588955 -0.594229 -0.936828 0.579144 -0.542221 -0.294045 -0.558521 
-0.263746 -0.230413 9.07401 1.17411 -0.510595 0.108785 -0.429077 -0.205599 -0.298358 -1.92847 1.68192 -0.00173683 -0.262505 -0.394814 9.66709 9.99936 -0.130614 -0.228538 -0.995794 4.36569 -0.514973 -0.304788 1.8272 -0.10685 -0.00252585 -0.939487 -0.86995 2.04412 -0.267068 -1.20847 -1.99059 -0.12685 -0.972157 -3.39836 -0.254459 -0.28071 3.02385 0.187904 -0.453053 -0.21279 0.31686 0.563058 -0.95797 -0.48934 9.99955 -0.452947 -0.712473 0.119744 -0.537094 9.99959 9.99945 -0.669274 0.774297 -0.173399 0.22826 -0.158691 -0.456674 -0.151296 -0.246684 0.070351 0.642454 -0.355961 -0.0396678 -0.353038 
0.502494 -0.394087 8.71453 0.22551 -1.11986 -0.814265 -1.10012 -0.440331 -0.378796 -0.733351 0.796748 -0.357889 -0.034346 -0.452321 9.46669 9.99786 -0.683372 -1.17337 -0.458873 4.05731 -0.249886 -0.286371 3.95539 0.307298 -0.276801 -2.83045 -0.434788 1.5261 -1.16769 0.419621 0.511651 -0.07971 -0.631224 -3.96709 -0.395553 -0.479816 0.157173 -0.737915 -0.187122 -0.431733 -1.38607 -0.846856 0.500993 -0.275286 9.99718 -0.0596878 -0.234015 -0.769965 -0.624836 9.99742 9.9973 -0.66063 -0.0502003 -1.29035 1.26125 -1.83766 -0.360657 -0.204135 -0.452485 -0.179025 1.24646 -0.0623693 0.973875 -0.604142 
-2.03346 -0.311221 8.63982 -0.576413 0.440725 -2.15652 -2.46023 -1.11602 0.300568 -1.69491 0.536494 -0.577745 -0.59948 -0.236327 9.40697 9.99292 0.0423759 -1.04023 -1.13967 5.16987 -0.725663 -0.798626 0.0455258 0.729225 -1.10514 -2.71791 -1.60765 1.59579 -0.567011 -1.23747 0.961796 -0.592697 -0.0669567 -4.58546 0.0547253 -0.745686 -1.72514 -0.231673 -0.988759 -0.242283 -0.21452 -0.437546 -0.457602 -0.99581 9.99279 -1.13813 -0.410832 -0.88901 -1.14329 9.99317 9.99264 -0.288699 -0.615402 -0.777382 0.425538 -0.842478 -0.554126 -0.954019 -0.662558 0.0115681 0.855641 -0.666661 -1.4752 -0.0955677 
0.273982 -0.36845 8.52313 3.94743 -1.07291 -0.673643 -0.455713 -0.428186 -0.0605292 -0.482022 5.40108 -0.494402 -1.07278 -0.0342451 9.48575 9.99344 -0.458878 -1.03722 -1.05799 6.59699 -0.566107 -0.341916 0.536838 2.20409 -0.645377 -1.03005 -0.943442 3.60795 -0.481007 -0.775599 -3.37749 -0.0663092 -1.39368 -4.99232 -0.228465 -1.23334 1.68443 -0.198221 -0.359989 -0.00454079 -1.31648 -0.38217 -1.14964 -1.45742 9.99337 -0.653605 -0.47884 0.00624294 -0.94642 9.99376 9.99319 -0.648992 3.05986 -0.774273 1.48543 -0.993242 -0.915983 -0.421027 0.783962 0.37985 -0.638689 -0.490754 0.757107 -0.606509 
7.50271 2.4695 -1.88659 9.95953 5.52456 3.57747 4.3099 4.19233 2.19104 6.56597 9.99437 2.53216 4.57946 2.54792 7.0856 -8.93795 2.20917 3.374 5.58683 9.99273 3.65574 2.88941 4.62142 6.00067 5.03644 4.81405 6.98882 9.99261 3.80914 5.35433 7.23298 2.14281 3.31011 2.72426 2.13231 5.4738 4.81314 2.1832 4.7798 2.29224 7.44918 8.49136 5.96745 6.01013 -7.41846 4.54706 2.60752 4.62127 4.1652 -7.17756 -8.23223 5.52946 9.99855 5.84037 5.30585 3.14112 4.79176 3.98752 5.76555 2.74924 3.27977 5.42192 7.53124 2.871 
2.76474 0.883137 6.56084 6.03719 2.15569 0.891891 1.69592 1.53454 1.1717 1.69321 5.90818 0.362198 2.02281 1.19651 9.2592 1.8343 0.826741 1.74845 2.30366 3.92935 1.75168 1.19234 1.46286 3.43959 1.70229 1.32947 2.89193 4.39261 1.20767 1.41182 1.09772 0.978798 1.66203 0.00933802 0.277704 2.04249 1.86833 0.72219 2.0288 0.802475 1.65564 3.54841 2.42949 1.99307 3.29668 1.60802 0.75898 1.88738 1.61002 3.32326 2.65191 2.30887 4.81328 2.74023 2.35156 1.03212 2.61606 1.62741 2.73747 0.58103 0.395866 1.47325 3.33598 0.46378 
-0.0967316 0.178574 9.54697 -1.08835 1.94445 1.16488 1.53859 2.09258 0.822111 0.587102 -0.714443 -0.124597 1.73613 -0.0949477 9.98662 8.26178 -0.430868 -0.0795624 1.86587 -1.15218 2.13496 -0.402508 -0.937732 1.70118 2.01605 0.360766 1.51805 -0.347943 0.248665 1.3183 2.17042 -0.224106 0.395844 -0.0821266 -0.309508 1.54119 -0.7221 -0.352621 1.5673 0.000214466 3.70725 1.47452 0.918914 1.77839 9.98777 1.62379 -0.227556 -0.341224 1.78938 9.98892 9.81512 1.27066 -0.569225 1.85771 -2.49584 0.150925 2.11323 2.20494 2.23925 -0.274557 0.128509 0.522893 -0.619307 -0.502683 
2.01925 -0.0123031 9.70586 -0.971134 1.41294 0.745194 1.3064 1.3457 -0.430414 2.53745 -2.06411 -0.193757 1.51758 -0.381114 9.99758 9.93156 -0.415045 0.834668 1.85263 -0.693761 1.46217 0.871696 0.133254 1.3515 1.56877 0.96278 1.44267 -0.691267 -0.607894 2.2986 2.38365 -0.182782 0.0802565 -0.273566 -0.254997 1.35353 -0.53749 -0.187873 1.45214 -0.0788729 0.780947 1.30134 1.64717 1.83673 9.93908 1.905 0.0781703 -0.501841 1.91163 9.94193 9.93438 1.24595 -0.0899982 1.65387 -2.05412 -0.482543 1.97238 1.56384 0.966571 -0.221894 1.61316 1.51479 2.06735 -0.343685 
1.88906 0.0712855 9.07098 -0.855632 2.81282 0.892824 1.49287 0.986375 -0.168651 1.58323 -1.06926 -0.0973854 1.42576 -0.225747 6.23761 9.98173 -0.42985 0.814043 1.69854 -1.25096 0.697144 0.603157 0.201503 1.37631 1.89921 0.196194 1.90096 0.0508032 1.76919 1.7923 2.66403 -0.310182 -0.137026 -0.554183 -0.566697 1.71511 -0.867058 -0.129624 1.25866 -0.0804227 0.540878 1.67998 1.89714 1.30354 9.98428 1.01011 -0.437986 1.70236 0.723562 9.98504 9.98267 0.470795 -0.482322 0.628902 -2.4588 0.0923586 1.46084 0.908604 1.10891 0.648058 -0.0563591 2.60713 2.0103 -0.230358 
1.27313 -0.157903 9.31954 -0.729345 1.72376 0.63159 1.57157 1.06184 -0.33699 2.00136 -0.886713 -0.181629 1.78463 -0.276729 9.94234 9.95608 -0.340356 0.893873 1.56063 -0.748447 1.06086 -0.185181 -0.222033 1.38828 1.88126 1.10043 2.13384 0.0218987 0.233446 1.74154 2.60525 -0.338408 1.41039 -0.413909 -0.113204 1.56007 -0.624398 -0.0850388 1.04254 -0.0253204 0.632733 1.51569 1.77158 1.41651 9.96301 1.12038 -0.464257 1.09896 1.71969 9.96551 9.95855 2.82513 -0.395295 2.05076 -2.14472 0.13177 1.0948 1.30748 1.67372 -0.604879 -0.371314 1.15603 2.09692 -0.0768456 
2.40257 0.134132 9.16464 -0.959367 1.31053 0.788033 1.50758 1.73468 0.055987 2.19531 -1.5281 -0.137201 1.90482 -0.293336 9.81706 9.99374 -0.357709 1.12481 1.59813 -1.0541 1.74479 0.731132 -0.400528 1.66476 1.43033 -0.0674265 1.50601 -0.664002 0.0452217 2.15843 1.94295 -0.136195 0.128609 -0.240083 -0.118541 1.51765 -0.188688 -0.230986 1.63909 0.00835738 2.27175 1.7107 1.81229 1.32315 9.99527 1.51202 0.124642 -0.457134 1.96365 9.99578 9.99419 1.28445 -0.554461 1.4733 -2.59473 0.0151662 1.71889 1.57873 1.14919 -0.226273 -0.0177625 2.18798 2.53178 -0.105352 
1.32581 -0.353906 9.4116 -0.821712 1.40838 0.721533 1.49094 1.70715 -0.543965 1.62229 -0.844428 0.0222223 1.66082 -0.400831 9.61347 9.98612 -0.26361 0.755658 1.27398 -0.957052 1.98168 -0.0591328 -0.16506 1.4337 1.60219 -0.573938 1.40169 0.118411 -0.0709889 1.29892 2.46031 -0.155585 -0.164904 0.320205 -0.284713 1.41134 -0.957498 -0.222274 2.24871 -0.483255 2.46796 1.38209 1.53224 1.75088 9.988 1.92728 -0.197112 -0.132784 2.22403 9.98846 9.98759 1.32312 -0.35024 2.1526 -2.87244 -0.0418109 2.2837 1.69856 2.05758 -0.0851085 0.272274 1.43256 1.85851 -0.520664 
1.8622 -0.126881 9.5555 -0.952061 2.14144 0.606641 1.10328 1.29208 -0.711005 1.02464 -0.948278 -0.124701 1.62108 -0.202725 9.54616 9.43709 -0.503545 -0.716394 1.02766 -1.00732 1.88188 0.732102 0.799071 1.65055 1.77579 -0.0254753 1.4493 -0.867884 0.128663 1.66575 1.22867 -0.243307 -0.600861 -0.456782 -0.329221 1.77629 -0.785002 -0.179297 1.70526 -0.165971 3.24703 1.9801 0.687764 1.41676 9.31043 1.66302 -0.594196 1.70297 1.97732 9.27436 9.37615 2.57307 -0.848833 2.41959 -2.10929 0.286654 0.88394 1.52153 1.16665 -0.0849245 -0.328236 0.801117 1.68066 -0.2184 
4.58014 -0.726805 9.73171 1.73992 -3.29578 -0.131828 -0.190127 0.220002 -0.943854 2.0691 1.85099 -0.772763 -0.205636 -0.429162 6.14463 8.20716 -0.988617 0.10159 -0.10498 -0.301075 -0.531042 -0.39208 3.75798 -1.99073 -0.956315 -0.122853 -1.16223 -1.1459 -1.08618 -1.58273 -0.731651 -0.465503 -0.214128 -1.08185 -0.47188 -0.197448 1.29021 -0.214572 -0.484757 -0.365166 -2.30776 -1.23272 0.70046 -1.03844 9.74293 -0.28502 0.195138 0.269298 -0.830238 9.99872 8.8051 -0.461342 0.972391 -0.72742 0.699989 -2.38856 -0.431667 -0.188925 -1.42554 -0.343076 -0.271388 -0.519578 5.86135 -0.451212 
-0.294716 -0.521635 8.86176 -0.321165 -0.174263 -0.86207 -0.26528 -1.46985 -0.103067 -0.0950382 0.855019 -0.947158 -0.827756 -0.0870208 9.60868 9.99663 -0.345913 -0.531851 -1.14593 4.45406 -0.711293 -0.479087 0.05121 0.0606683 -0.973269 -0.422793 -0.713962 1.5566 -0.973005 -0.588541 -0.855954 -0.166706 -0.814883 -3.54339 -0.52625 -1.00448 0.402035 -0.651004 -0.979968 -0.622763 -0.253201 0.656259 -0.792768 -1.28984 9.9963 -0.512327 -0.0212642 -0.520075 -1.33462 9.99652 9.9963 -0.258106 -0.393655 -0.960768 0.708635 -0.762657 -0.421306 -0.790642 -0.876178 -0.362567 -0.546603 -0.327991 -0.478379 0.0509718 
0.429263 -0.252824 9.32213 0.989277 -1.35523 -0.0468906 0.610736 0.0412099 -0.95211 0.20683 1.4976 -0.342906 0.848468 -0.521856 9.66621 9.99284 -0.232621 -0.260371 0.450183 3.22384 -0.172275 -0.130829 1.173 1.95109 -0.0411972 -1.52239 -0.466383 1.77179 0.0872337 0.183725 0.814946 -0.462112 0.543255 -3.75175 -0.234317 0.649741 -0.505579 -1.19016 -0.123893 -0.445201 0.953973 -2.02137 0.806504 -0.021902 9.99355 0.477773 -0.480782 -0.396479 -0.00547773 9.99399 9.99306 0.60873 0.0656238 0.480687 -1.64177 -0.88693 -0.0359656 0.582852 0.122118 -0.392359 -0.326323 0.34924 0.587808 -0.184445 
-0.473625 0.0746799 0.326566 -0.155129 0.341016 -0.233397 -0.355001 0.0976283 0.0902977 0.118493 0.523751 -0.0699765 0.49998 0.058603 0.203268 0.130321 0.219379 -0.303547 0.709706 0.0766231 -0.264249 0.337554 0.206213 -0.38196 -0.0933805 0.276848 0.22818 0.0354526 -0.207791 -0.381628 -0.25754 0.150871 0.0467967 0.0543035 0.172306 -0.0532886 -0.0300843 0.260378 -0.682317 0.337364 -0.0209804 0.142109 0.023859 0.160873 -0.240626 0.152797 -0.0598334 -0.168899 0.498861 -0.173501 -0.184235 0.340114 -0.167231 0.150188 -0.384399 0.242957 0.305523 0.147756 -0.451153 0.0846159 -0.205148 -0.385376 -0.38481 0.0575443 
0.529152 -0.0854796 -0.10799 -0.130784 -0.267644 0.35073 -0.0848494 -0.296948 0.0241659 0.0660078 -0.100454 0.20226 -0.180429 -0.553365 -0.198114 0.159823 0.293542 0.124936 -0.0920515 -0.306022 0.467026 0.268831 0.44743 0.275887 0.108195 -0.292419 0.521769 -0.167658 0.18501 0.16263 -0.166756 0.0107275 -0.182898 0.212624 0.232481 -0.390304 -0.302653 0.388054 0.274528 0.0833253 0.2621 0.127461 0.0406711 0.0243842 0.196934 0.0583627 -0.0925336 0.0935312 0.22973 -0.265719 0.0460618 -0.130671 0.142566 0.502902 -0.21118 -0.0498423 -0.197477 0.0221708 -0.000228049 0.116579 0.233778 0.507788 0.0917271 0.235526 
0.234001 0.161894 0.0128361 -0.0507467 0.184619 0.427099 0.15833 -0.232878 0.10267 0.329369 -0.165067 0.0588364 -0.438492 -0.122411 0.169609 -0.183314 0.149629 -0.377779 0.019252 0.0722195 0.212723 0.242956 -0.0937046 -0.00765927 -0.239041 -0.524483 0.166847 -0.0222292 -0.281494 -0.197258 -0.57109 -0.296748 0.120259 0.293504 -0.17241 -0.0447208 -0.184127 0.13937 0.0283061 0.377389 -0.0100092 -0.123161 0.132251 0.0501115 -0.121811 -0.22149 -0.226005 0.13517 0.204027 -0.170186 -0.130144 1.02983 -0.359284 -0.338805 0.0185646 0.286389 0.0734024 0.108569 -0.298102 -0.0191849 0.10591 -0.357812 0.119642 -0.12954 
-0.202551 0.227022 0.00901559 0.056951 -0.18713 -0.372202 0.244617 -0.400158 0.183268 0.724292 -0.630452 0.376252 0.0248545 -0.150473 -0.262006 0.14477 0.25702 0.238705 0.0348087 -0.204693 0.286771 0.0755537 -0.287619 0.123736 -0.432156 -0.460257 -0.205629 0.0151793 0.458748 -0.181447 0.101729 0.543355 -0.127194 0.432413 0.249695 0.0152828 -0.0120648 0.156072 0.096308 -0.0460461 0.0871422 0.13033 0.0964112 0.164113 0.389491 0.471955 -0.306564 -0.0400058 -0.121415 -0.0145285 0.22572 0.594535 0.166705 0.2282 0.0377505 -0.860355 0.0467204 -0.0794349 0.265452 0.121988 -0.0524655 0.0442505 -0.212032 -0.292816 
-2.44704 -2.02619 6.53792 -7.0317 -1.83751 -1.44776 -1.77524 -2.26541 -1.05314 -2.45024 -7.02416 -1.53727 -2.74328 -2.51161 9.19788 9.96874 -2.16518 -2.31518 -2.21478 0.0413287 -2.32169 -2.29519 -1.63886 -3.69531 -2.2191 -1.17263 -2.36161 -0.0240657 -1.8232 -2.24051 1.78332 -2.19146 -2.00286 -9.4485 -2.28298 -2.12628 -2.75761 -1.5145 -2.95339 -2.3444 -0.649304 -2.09419 -2.66798 -1.92096 9.97232 -2.93452 -1.65335 -2.30342 -2.21796 9.97423 9.96997 -1.563 -6.14034 -2.56011 -5.33658 -0.452143 -2.83217 -2.71177 -2.99442 -2.06125 0.310009 -1.29863 -3.1695 -2.17488 
-9.97051 
-9.97085 
-0.0941366 
-9.96913 
-9.97717 
-9.97534 
-9.98734 
-9.97088 
-9.97386 
-6.56557 
-9.70883 
-9.97112 
-9.97325 
-9.96884 
-0.0111272 
0.517689 
-9.9684 
-9.96865 
-9.97342 
-9.20914 
-9.9741 
-9.9713 
-9.96316 
-9.94435 
-9.97351 
-9.98029 
-9.9702 
-7.51341 
-9.96827 
-9.9784 
-7.94607 
-9.96829 
-9.97053 
-5.69458 
-9.96869 
-9.97278 
-9.52749 
-9.96994 
-9.97121 
-9.96905 
-9.82513 
-8.79226 
-9.97006 
-9.97264 
0.366141 
-9.97196 
-9.97061 
-9.96953 
-9.97244 
0.330687 
0.441218 
-9.97842 
-9.96941 
-9.9714 
-9.96615 
-9.97534 
-9.97387 
-9.97365 
-9.97173 
-9.96758 
-9.92013 
-9.81841 
-9.95139 
-9.96903 
9.96914 

# Training State Metadata
FILENAME tetris_model_best_20260907_score2117600.txt
EPSILON 0.14158
EPSILON_MIN 0.05
EPSILON_DECAY 0.995
LEARNING_RATE 0.0015
GAMMA 0.99
TRAINING_EPISODES 58865
TOTAL_GAMES 390
BEST_SCORE 2117600
AVERAGE_SCORE 108180
PREVIOUS_AVG_SCORE 108180
