# Neural Network Model File
# Saved: 2026-09-05 21:41:10
# Filename: tetris_model_best_20260905_214110_score2000.txt
#
-0.00532172 0.273628 5.57288 0.777298 0.288016 -0.50189 0.29595 -0.334176 -0.738711 0.357735 0.436841 0.443782 0.0971426 -0.202802 -0.122804 3.62344 0.325529 -0.117582 -0.261063 0.209302 0.254394 -0.137208 -0.490171 0.232729 -0.501658 -0.772529 -0.253338 0.37141 -0.291104 0.451824 -0.0998416 -0.013706 0.333863 -0.853698 0.126403 0.300224 0.457353 0.353861 -0.202901 0.347291 0.0419946 0.197126 0.224308 -0.721745 4.09523 -0.0702025 -0.0962596 0.011535 0.439669 4.04231 3.25687 0.301931 0.517522 0.363256 -0.49459 0.547618 0.284717 0.167436 0.120713 -0.101887 0.116809 0.19611 0.408876 -0.00557566 
0.468904 -0.31751 5.37285 0.322872 0.52208 -0.0912121 -0.162584 -0.117933 -0.122488 0.0544075 0.232095 0.323468 0.631097 -0.500447 -0.262048 4.09043 0.0559009 -0.932592 -0.0161796 0.558739 0.337314 0.0818366 -0.198565 0.59898 0.127421 0.132689 -0.452087 0.787418 0.263628 0.375968 0.111987 -0.0862618 0.370287 -0.878802 -0.0711083 -0.0487501 -0.109206 -0.629667 0.797659 -0.357503 -0.0876407 -0.0486352 0.0602836 -0.495597 4.38435 0.586753 0.36969 0.84232 0.490991 4.19251 3.93293 0.601039 -0.101577 -0.0391371 -0.0896655 0.215981 0.549732 -0.173306 0.910213 -0.287703 0.30774 0.494541 0.428398 0.144929 
0.429221 -0.0648787 5.36544 0.734703 0.341819 0.0347339 0.363778 0.403005 -0.388708 0.923047 0.305795 -0.250915 0.4127 -0.11148 0.437851 2.94076 0.0112492 -0.392018 -0.33835 -0.444149 0.414042 0.0377925 -0.526649 0.190176 0.736851 0.0909371 -0.0425095 -0.0835659 -0.0623132 1.03312 0.126669 -0.270893 -0.680619 0.0418506 0.0505895 0.276743 -1.03706 -0.628795 0.751418 -0.222296 0.662727 0.877428 0.651595 0.289187 4.11814 0.495046 -0.443043 0.513858 0.354087 3.87736 3.51501 -0.0745937 0.349657 0.279962 -0.145855 -0.827165 0.364365 0.849948 0.393759 -0.181151 -0.811668 0.683606 0.262332 -0.517907 
0.471974 0.00383346 5.25462 0.852167 0.465226 0.290148 0.392014 0.329164 0.325809 0.570911 0.199245 -0.15436 -0.533481 0.142852 0.171354 3.40975 0.00125352 -0.0439223 0.212944 -0.254943 0.336941 -0.584906 -0.203367 -0.057451 -0.164551 0.0794878 -0.0776608 0.0735176 0.121879 -0.273448 0.11347 -0.427789 -0.0202074 -0.0393057 -0.197365 0.22918 -0.176389 -0.653516 0.693402 -0.294464 0.639094 0.574546 0.156389 0.0409388 4.18817 0.0743731 0.0242245 -0.179229 0.351865 4.01547 3.56045 0.46239 -0.145233 0.19329 -0.024519 -0.915319 0.740745 0.431415 0.429787 -0.462254 -0.610892 0.29667 0.258303 -0.317024 
0.086094 0.0889749 5.65213 0.386172 -0.057468 -0.606973 -0.312028 0.138982 -0.421601 -0.00382054 -0.149144 0.64077 0.375406 0.184891 -0.196426 3.21696 0.0839763 0.471178 -0.196478 0.038115 -0.0214762 0.411681 0.0505091 0.120501 -0.538661 0.135616 -0.0974317 -0.250893 0.539753 0.0583689 -0.503413 0.715402 0.639133 -0.246143 0.15261 -0.39142 0.224774 -0.0628752 0.146805 -0.207139 -0.0322708 0.641902 0.0286883 -0.333895 4.27607 0.168973 -0.343534 -0.196172 0.00609782 3.77542 3.48587 0.122903 0.14925 0.23305 0.722661 0.307761 0.178332 0.00122178 0.357082 0.135152 0.208392 0.179469 0.0386713 0.152412 
-0.0796597 -0.358389 4.75798 0.35126 -0.131615 0.208987 -0.0361564 -0.0760149 -0.15463 0.0150123 -0.350725 -0.377256 -0.302614 -0.0896272 -0.168051 3.18792 -0.0255391 0.528186 -0.0160636 0.0838658 0.112645 -0.203972 -0.170579 -0.0608874 -0.184169 -0.261303 -0.202757 -0.0627487 -0.0356326 0.00338665 -0.383883 -0.612688 0.353408 0.216495 -0.220605 0.0716742 0.261174 0.399665 -0.0514967 -0.274828 -0.234392 0.111954 0.209017 0.187414 3.5482 0.481302 0.255079 -0.496259 0.252506 4.09262 2.97272 -0.375946 -0.00766824 -0.0300018 0.603041 0.499779 -0.180345 0.45472 0.18349 0.049078 0.448686 -0.75821 0.335053 0.209692 
0.35176 -0.141905 5.57189 0.406341 0.603716 -0.343648 0.214095 0.607484 -0.45404 0.163332 0.246394 -0.239237 0.45717 0.312091 -0.35145 3.87757 0.134204 0.82519 -0.131807 0.607805 0.261564 0.108801 0.283711 0.384999 0.963351 -0.53643 -0.54152 -0.736842 0.481696 0.632933 0.36345 -0.258429 0.586336 -0.248299 0.202657 -0.228201 -0.535682 0.39498 0.712946 -0.319189 0.27415 -0.137739 0.239387 -0.350572 4.22461 0.693687 -0.447044 -0.509883 0.314238 4.45798 4.41019 0.233428 0.0555208 0.0820754 -0.266712 0.240517 0.523373 0.812657 0.707578 -0.136539 0.381413 -0.189106 0.299918 0.110906 
0.358785 0.13228 4.89919 0.573968 0.19358 -0.201706 0.374874 0.692514 -0.236747 0.653655 0.40339 0.0716901 0.584083 -0.188154 0.255622 3.13402 0.142295 -0.662053 -0.26604 -0.632669 0.419663 0.131516 -0.22134 0.067273 1.02097 -0.508608 -0.418388 -0.25239 -0.40715 0.0561226 0.0988552 0.149548 -0.155659 -0.376357 0.269606 0.123783 0.317745 0.552255 0.505518 -0.12819 0.250115 -0.0611094 0.191239 -0.385693 3.40964 0.0585661 -0.367996 -0.558242 0.660261 3.70497 3.11509 0.320891 0.112657 0.440786 0.000770671 -0.298703 0.247111 0.776286 0.296829 -0.0314707 -0.382846 -0.129311 0.743535 -0.125171 
0.452814 -0.209801 5.35424 0.696018 0.164416 -0.469993 0.163648 0.526174 -0.122004 0.170586 0.0296668 0.132152 0.588266 -0.087726 0.454511 3.7307 -0.36039 -0.687226 -0.109009 0.102236 0.520637 -0.127279 0.367127 0.37915 0.46625 -1.00613 0.00628174 0.286302 -0.24583 0.752784 -0.133257 0.406597 -0.5527 -0.180353 0.148567 -0.224302 -0.714722 -0.32344 0.762061 -0.179509 0.139813 -0.124228 0.225374 -0.471309 3.84298 0.707026 -0.208951 0.666419 0.275763 3.80124 3.48357 -0.064717 0.0467839 -0.242703 0.313438 -1.03448 0.445308 0.648175 0.797429 -0.0836324 -0.18024 -0.202591 0.710037 -0.274994 
0.900018 -0.246257 4.37351 0.390131 0.747023 -0.465251 0.0419206 0.461632 0.0774832 0.50127 0.481107 -0.290203 0.8811 -0.115812 0.21682 3.34669 0.206364 0.126883 0.0567087 0.0487257 0.750217 0.217222 0.17573 0.556145 0.37329 -1.2981 -0.393953 -0.361238 -0.121023 0.127091 0.829648 -0.351796 -0.167266 -0.191344 0.164789 0.367844 -0.924051 -0.423933 0.39099 -0.260344 0.422245 0.719027 0.668409 -0.251126 4.0355 0.464008 -0.329266 0.510335 0.621931 3.56053 3.44596 0.0430222 0.681285 0.325628 -0.446046 -0.323524 0.730328 0.409056 0.600016 -0.177904 -0.294027 -0.746923 0.973959 -0.170741 
0.370325 -0.420257 8.13687 0.609447 0.747774 -0.129017 0.382131 0.898577 0.324211 0.412831 0.645548 -0.482329 0.0528085 -0.196906 0.0412273 5.24221 -0.465599 -0.291011 0.105086 0.143087 0.646794 0.0248041 -0.437661 1.28835 0.805266 -0.721662 0.0287415 -0.17438 -0.290096 0.890999 0.486732 -0.042042 -0.633829 0.00887072 -0.313388 0.205194 0.124559 -0.130715 1.04009 -0.194515 0.237198 0.260149 0.517394 -0.0628342 6.07704 0.583128 -0.0639473 0.100639 0.459656 5.87974 5.38419 0.863529 0.492272 0.487837 -0.733893 -0.455793 0.561672 0.735438 1.30032 0.141461 -0.0966375 0.201968 1.04344 -0.528895 
0.520395 0.0725755 0.650927 0.150546 0.448814 0.374779 0.398653 0.908167 -0.282689 0.543995 0.554464 0.0855542 0.464158 0.268462 0.392302 -0.00794541 -0.049275 0.215001 0.486613 0.304234 0.0783559 -0.0159083 0.0151717 1.01324 0.951851 0.69507 0.370043 0.948109 0.374554 0.776735 0.186623 -0.131706 0.0775155 0.719957 -0.202614 0.439007 0.27218 -0.133176 0.597449 -0.0239285 1.02988 0.946202 0.564729 0.304487 0.474946 0.679959 -0.016231 0.45281 0.710257 0.393752 0.232155 0.355915 0.777868 0.841831 0.0258073 0.126418 0.276879 0.52167 0.559511 0.218515 0.375194 0.358543 0.393283 0.579936 
-0.0882296 0.233129 0.938415 1.00096 0.49618 0.16195 0.400837 0.31923 0.578667 0.12621 0.268721 -0.353328 0.355503 0.516769 0.187992 0.67236 0.163712 0.814194 0.151578 -0.196675 0.35309 0.271333 -0.238316 0.883675 0.259716 0.769656 0.29068 0.589217 0.101326 0.162568 0.470517 0.382353 0.444529 0.206127 -0.473564 0.017364 0.108545 0.0961534 0.321138 0.180493 0.112649 0.519766 0.314936 -0.118358 0.889106 0.0574233 0.0149814 -0.00966967 0.560402 0.575752 0.910273 0.469642 0.534637 0.638154 0.292994 0.546803 0.715109 0.291447 0.257226 -0.205782 0.205385 0.106881 0.519299 -0.16134 
2.06424 0.667408 -0.379825 1.45561 1.99084 0.424994 1.69399 1.5914 0.206346 1.70391 1.46099 0.324529 1.76558 0.365209 1.19807 -0.52327 0.00207821 0.315327 1.88543 0.00581613 1.50183 -0.229688 0.441547 1.74256 1.9078 0.425915 1.93283 -0.357014 0.648638 1.76286 2.06321 0.206617 0.47304 1.69966 0.040171 1.99868 0.145184 0.0180311 1.78171 0.744391 1.58159 1.65428 1.65173 2.27014 -0.518474 1.94261 0.330541 -0.318222 2.20103 -0.999315 -0.318818 1.51073 1.12006 2.02784 -0.542527 0.472018 2.03612 1.71319 1.96924 0.0959626 0.236236 0.25297 1.61454 -0.149776 
1.54271 0.242824 -0.717437 1.56632 1.57222 1.40359 1.54559 1.53265 0.0950632 1.50103 1.11956 0.0712934 1.96386 -0.143368 1.49162 -1.20511 0.103399 1.03282 2.29189 0.211364 1.43586 2.01879 0.397596 1.04148 1.7494 1.2759 2.05281 1.08695 -0.272267 1.35488 1.85561 0.514468 0.487966 1.97498 0.174024 1.14736 -0.123609 0.262812 1.60937 0.272028 1.88463 1.63027 1.70332 2.12531 -0.677015 1.77535 0.124889 -0.226515 1.89007 -0.707733 -1.00807 1.61731 1.78562 1.66261 -0.648348 0.447693 1.70281 1.48112 1.41708 0.00417018 0.515915 0.874254 1.76555 -0.0528058 
1.45063 0.544438 0.217393 1.24069 1.79328 1.19935 1.47624 1.32548 0.247848 1.39096 1.21103 0.318183 1.60396 0.297245 1.46661 -0.218551 0.00851796 1.84395 1.2041 0.426967 1.19574 0.971171 0.311889 1.38434 1.65536 1.26705 1.11682 1.78175 2.44758 1.62432 1.58623 0.0191549 0.217105 1.66002 -0.275432 1.13923 0.450312 0.367501 1.22502 0.347948 1.36481 1.17348 0.954291 0.866298 -0.163769 1.42233 0.235057 1.55136 1.21872 0.191103 0.134508 1.00613 1.15514 1.08368 -0.187829 0.359554 1.58265 1.20506 1.71277 0.886831 -0.155088 1.55189 1.61945 0.229359 
1.8179 0.225208 0.471566 1.29019 1.63673 1.32838 1.4584 1.28329 0.568147 1.37086 1.03777 0.214423 1.66631 0.19366 1.1523 -0.012624 0.180375 1.93984 1.34097 0.285726 1.26436 -0.254609 0.381899 1.67734 1.74629 1.45657 0.97493 1.63071 0.169975 1.7585 1.53101 0.0433548 1.73524 1.10403 0.51617 1.54098 0.287555 0.450272 1.12857 0.567787 0.84843 1.16556 1.94437 1.2305 -0.241048 1.48606 0.0677168 1.09715 1.87662 0.118952 -0.0264174 1.85395 1.39213 1.54149 -0.44337 0.040865 1.26688 1.49682 1.49613 -0.282076 0.363655 1.84877 1.57643 0.650022 
1.527 0.652529 -0.279382 1.75235 1.41425 1.71574 1.81012 1.67696 0.0956614 1.73452 1.01538 0.197969 1.62969 0.0706813 1.53724 -0.818854 0.324305 1.07654 1.83552 -0.0821126 1.55869 0.542968 0.262714 1.49949 1.50474 0.994758 2.10996 0.0340465 0.0190651 1.70477 1.54155 0.213506 0.260465 2.24809 0.440177 1.95238 0.509097 0.0958386 1.79365 0.6505 1.69253 2.31061 1.46661 1.45619 -0.648125 1.19984 0.341329 0.0255483 1.73529 -0.784841 -1.22724 1.13989 1.56152 1.24969 -0.0607934 0.384714 1.89452 1.65761 1.09582 0.0769141 0.314129 1.68244 1.45716 0.382043 
1.80749 -0.04068 -0.42061 1.27142 1.44457 2.14668 1.6969 1.51823 -0.182939 1.95274 0.99594 0.106442 1.6095 -0.0594373 1.45861 -0.766975 0.169508 0.692703 1.70278 0.610773 1.69575 -0.306015 0.358259 1.35804 1.18504 1.29241 2.24287 1.02391 0.491433 1.93438 1.42158 0.235763 -0.0335733 2.05373 0.00200157 1.44565 0.440628 0.23495 1.71983 -0.158556 2.13969 1.64361 1.58431 2.17922 -1.16285 2.18223 0.0534697 0.0741266 1.74611 -1.00065 -0.747879 1.50169 1.88087 1.72494 -0.639852 0.427151 1.93841 1.40345 1.78576 0.282388 0.37197 1.80393 1.40587 -0.183847 
1.57602 0.383358 0.719578 1.871 1.57435 1.29138 1.65098 1.22796 -0.411209 1.84361 1.52977 0.492609 1.62115 0.799003 1.69132 0.6313 -0.241971 -0.312601 1.24721 0.153911 1.96254 0.806369 0.100939 1.66508 1.76587 -0.0286264 1.6251 1.52462 0.432535 1.61175 1.44727 0.453378 0.117771 0.802939 0.0636725 1.61172 0.581447 0.0465171 2.02403 0.096531 1.69191 1.68139 1.50257 1.22089 0.42461 1.5994 -0.266768 2.15824 1.74481 0.267744 0.681957 1.93688 1.45689 2.17749 0.123374 0.104506 1.28172 2.103 1.58727 0.957929 0.499668 1.4618 1.79999 0.265943 
0.33012 -0.206369 1.61314 0.686774 0.174216 -0.0848187 -0.25577 1.00073 -0.00903966 0.108577 0.827933 -0.0717646 -0.0741433 0.000899678 0.366378 1.25607 -0.718363 0.1411 0.501523 0.116897 0.397242 -0.0675604 0.114066 0.173948 0.623553 0.0570626 -0.309391 -0.362018 0.150863 0.250075 0.215249 0.0212482 -0.181682 0.127759 -0.080342 0.307425 0.396296 0.368859 0.279358 0.0791311 0.117658 0.0292112 -0.14748 -0.0542431 1.21929 0.00959729 0.0771833 0.120064 0.330384 1.1629 1.12874 0.727954 0.400534 0.658335 0.273632 -0.490348 0.597872 0.728036 0.145963 0.286827 -0.0181433 0.373876 0.537454 -0.0278757 
0.165577 -0.306864 5.46432 0.28355 0.784843 -0.479017 0.229736 -0.185301 0.289706 0.0233725 0.2867 -0.655146 0.0190249 0.128382 0.138511 3.53555 -0.0627511 -0.173575 -0.345078 -0.228016 0.371524 -0.0748896 0.118974 0.409439 0.0980509 -0.742724 -0.0824366 -0.371788 -0.309905 0.23148 0.425277 0.0742091 -0.351992 0.0427645 -0.21762 -0.145015 -0.279371 -0.432454 -0.0486492 -0.542734 0.169637 0.312544 0.137901 -0.663313 4.19453 0.393475 0.230824 0.0580621 -0.0439094 3.76469 3.71785 0.248239 -0.135583 0.102997 0.110902 -0.448908 0.488337 0.273639 0.178074 0.0131423 -0.4101 -0.241389 0.0713788 0.272074 
0.0887424 -0.232334 5.97415 0.688226 0.929339 0.193341 0.197315 0.517803 -0.279746 0.920199 0.527267 -0.232741 0.965359 -0.5837 0.38072 3.91959 -0.301483 0.149796 0.108561 -0.704579 0.463114 0.267069 -0.130926 0.564252 0.84459 -0.111629 0.0526431 0.132781 0.270373 1.11622 0.547195 -0.207616 0.452947 -0.333255 -0.322686 0.616644 -0.593964 -0.872961 0.351483 -0.356847 0.851806 0.253731 0.765541 0.408312 4.21257 0.581659 -0.0243851 -0.269158 0.323302 4.06344 4.09403 0.487068 0.0776599 0.758865 0.247642 0.0896012 0.603166 1.0135 0.108788 -0.131978 -0.338706 0.16345 0.592822 0.0953064 
-0.473625 0.0746799 0.326566 -0.155129 0.341016 -0.233397 -0.355001 0.0976283 0.0902977 0.118493 0.523751 -0.0699765 0.49998 0.058603 0.203268 0.130321 0.219379 -0.303547 0.709706 0.0766231 -0.264249 0.337554 0.206213 -0.38196 -0.0933805 0.276848 0.22818 0.0354526 -0.207791 -0.381628 -0.25754 0.150871 0.0467967 0.0543035 0.172306 -0.0532886 -0.0300843 0.260378 -0.682317 0.337364 -0.0209804 0.142109 0.023859 0.160873 -0.240626 0.152797 -0.0598334 -0.168899 0.498861 -0.173501 -0.184235 0.340114 -0.167231 0.150188 -0.384399 0.242957 0.305523 0.147756 -0.451153 0.0846159 -0.205148 -0.385376 -0.38481 0.0575443 
0.529152 -0.0854796 -0.10799 -0.130784 -0.267644 0.35073 -0.0848494 -0.296948 0.0241659 0.0660078 -0.100454 0.20226 -0.180429 -0.553365 -0.198114 0.159823 0.293542 0.124936 -0.0920515 -0.306022 0.467026 0.268831 0.44743 0.275887 0.108195 -0.292419 0.521769 -0.167658 0.18501 0.16263 -0.166756 0.0107275 -0.182898 0.212624 0.232481 -0.390304 -0.302653 0.388054 0.274528 0.0833253 0.2621 0.127461 0.0406711 0.0243842 0.196934 0.0583627 -0.0925336 0.0935312 0.22973 -0.265719 0.0460618 -0.130671 0.142566 0.502902 -0.21118 -0.0498423 -0.197477 0.0221708 -0.000228049 0.116579 0.233778 0.507788 0.0917271 0.235526 
0.234001 0.161894 0.0128361 -0.0507467 0.184619 0.427099 0.15833 -0.232878 0.10267 0.329369 -0.165067 0.0588364 -0.438492 -0.122411 0.169609 -0.183314 0.149629 -0.377779 0.019252 0.0722195 0.212723 0.242956 -0.0937046 -0.00765927 -0.239041 -0.524483 0.166847 -0.0222292 -0.281494 -0.197258 -0.57109 -0.296748 0.120259 0.293504 -0.17241 -0.0447208 -0.184127 0.13937 0.0283061 0.377389 -0.0100092 -0.123161 0.132251 0.0501115 -0.121811 -0.22149 -0.226005 0.13517 0.204027 -0.170186 -0.130144 1.02983 -0.359284 -0.338805 0.0185646 0.286389 0.0734024 0.108569 -0.298102 -0.0191849 0.10591 -0.357812 0.119642 -0.12954 
-0.202551 0.227022 0.00901559 0.056951 -0.18713 -0.372202 0.244617 -0.400158 0.183268 0.724292 -0.630452 0.376252 0.0248545 -0.150473 -0.262006 0.14477 0.25702 0.238705 0.0348087 -0.204693 0.286771 0.0755537 -0.287619 0.123736 -0.432156 -0.460257 -0.205629 0.0151793 0.458748 -0.181447 0.101729 0.543355 -0.127194 0.432413 0.249695 0.0152828 -0.0120648 0.156072 0.096308 -0.0460461 0.0871422 0.13033 0.0964112 0.164113 0.389491 0.471955 -0.306564 -0.0400058 -0.121415 -0.0145285 0.22572 0.594535 0.166705 0.2282 0.0377505 -0.860355 0.0467204 -0.0794349 0.265452 0.121988 -0.0524655 0.0442505 -0.212032 -0.292816 
1.93651 -0.66061 9.66776 2.2856 2.02553 2.43507 2.03515 1.68454 -0.4334 1.87905 1.58586 -0.413073 1.81973 -0.731344 1.8205 5.91286 -0.373878 0.767888 2.1852 -0.519407 1.83002 -0.136882 -0.399375 1.97089 2.01822 2.20058 2.44549 0.882136 0.0070696 1.8683 1.84777 -0.460705 -0.0245328 2.2497 -0.536235 1.97299 -0.155088 -0.22101 2.04642 -0.610332 1.81497 2.07378 1.89294 2.50877 7.19451 1.94569 -0.394494 0.0583552 1.8951 6.878 6.02617 2.11815 1.96195 2.04821 -0.920071 -0.142405 2.01946 1.89733 2.11116 -0.771607 -0.34786 1.88889 1.86799 -0.618148 
-1.74059 
-9.57937 
0.541277 
-2.01393 
-1.93462 
-0.949488 
-1.47126 
-1.71765 
-9.2292 
-1.74191 
-1.95845 
-9.70363 
-1.82091 
-9.97931 
-1.33637 
0.77858 
-9.41498 
-1.54948 
-1.02064 
-8.97958 
-1.8258 
-2.47401 
-9.91137 
-1.96058 
-1.90964 
-0.543435 
-0.913407 
-2.32077 
-4.25924 
-1.88883 
-1.6802 
-8.82799 
-6.22442 
-0.836022 
-8.48608 
-1.3667 
-9.44133 
-9.98639 
-1.87437 
-7.58793 
-1.59063 
-1.55937 
-1.70873 
-0.898978 
0.714323 
-1.78602 
-9.99829 
-1.23879 
-1.7626 
0.697844 
0.752913 
-1.68226 
-1.45482 
-1.55683 
-6.39802 
-9.99089 
-1.92465 
-1.76116 
-2.01995 
-8.6194 
-8.87806 
-1.21537 
-1.75217 
-9.94126 
0.984136 

# Training State Metadata
FILENAME tetris_model_best_20260905_214110_score2000.txt
EPSILON 0.826565
EPSILON_MIN 0.05
EPSILON_DECAY 0.995
LEARNING_RATE 0.0015
GAMMA 0.99
TRAINING_EPISODES 1604
TOTAL_GAMES 39
BEST_SCORE 2000
AVERAGE_SCORE 402.632
PREVIOUS_AVG_SCORE 402.632
