# Neural Network Model File
# Saved: 2026-09-08 10:10:42
# Filename: tetris_model_best_20260908_score2637400.txt
#
-3.1152 -0.0505418 7.40864 0.0435591 0.499641 -2.03162 -1.26053 -2.26212 -1.39709 0.722098 0.442744 -0.00269995 -1.52838 -0.195523 9.98854 9.99968 0.0414388 -1.30014 -1.56156 5.51421 -1.19555 -1.12986 -2.87059 0.652982 -1.30558 -0.712615 -1.24264 2.37678 -1.36186 0.311076 -0.471629 -0.357057 -0.173147 -5.10708 -0.132722 -1.56087 -0.826323 0.096875 -1.52023 0.177172 0.428804 -0.513612 -1.88196 -1.92665 9.91045 -1.57151 -0.830465 -1.85423 -1.17628 9.58333 9.99397 -0.65575 0.054878 -1.1665 0.907552 0.299147 -1.17813 -1.58854 -0.917748 -0.556872 -1.53095 -0.270857 -1.48616 -0.170286 
-0.820974 -0.706393 8.03565 0.382741 -0.302005 -0.630931 -2.02736 -1.90305 -1.27362 3.15593 1.18218 -0.259546 -0.458674 -0.638149 9.98918 9.99961 -0.383233 -1.91359 -0.617247 4.9517 -1.00722 -0.225508 -1.14866 0.369467 -0.7194 0.589045 -1.31715 2.3327 -1.51073 0.655105 -2.16782 -0.511933 0.117317 -4.46085 -0.451687 -1.02457 1.38492 -1.14113 -0.290886 -0.610974 -0.16683 -2.06195 -0.688143 -1.34198 9.92817 -0.610212 0.137046 0.204627 -0.761393 9.74547 9.99433 0.808109 -0.238426 -0.947087 1.78788 0.255956 -0.367579 -1.84031 -0.0923769 -0.90219 -1.20564 0.714718 2.82415 -0.164043 
-0.266287 -0.437318 7.98716 -0.870535 -0.370551 0.276976 0.706367 -0.747187 -0.95874 3.09801 0.36852 -0.78057 -0.185558 -0.522058 9.99086 9.99918 -0.481584 -0.275739 -1.12102 3.27489 -0.495554 -0.385821 -2.04676 -0.0668175 -0.226158 1.9319 -1.61157 1.20343 -0.54834 0.814491 -1.47733 -0.660259 -1.3406 -3.42838 -0.260141 -0.665351 0.273392 -0.948841 0.326321 -0.458076 1.40454 1.03627 -0.384698 -0.675371 9.92385 -0.137725 -1.21024 -0.1052 -0.906257 9.76342 9.99525 -0.227595 -0.568276 -1.14703 1.3742 -1.51889 -0.0371667 0.0371239 -0.70292 -1.0247 -2.42081 1.88272 -0.799034 -0.862922 
1.36721 -0.330695 7.9879 -0.716025 -0.93915 0.142075 1.26398 -0.862983 -0.399648 1.15424 0.806004 -0.327574 -1.35793 -0.200409 9.99001 9.9974 -0.295235 -0.104905 -0.952261 3.95524 -0.869825 -0.72779 -1.38008 -0.496329 -1.70472 1.89962 -0.950132 1.66258 -0.826131 -1.5239 -1.77114 -0.601002 -0.291817 -3.60768 -0.465829 -1.28267 0.801129 -0.854094 -0.510629 -0.340201 0.125001 1.67667 -1.22428 -1.2717 9.91976 -0.936846 -0.304831 -0.36909 -0.991724 9.74994 9.99465 -0.204781 -0.246187 -1.43739 1.69992 -0.945219 -0.63928 -0.429209 -1.00193 -1.11879 -0.794419 0.450928 -0.356917 -0.464659 
1.40159 -0.269258 8.21738 -0.936138 -1.48093 -1.1518 1.67262 -1.3481 -1.03366 0.81985 0.331233 0.242905 -0.291175 -0.227421 9.98882 9.99797 -0.251796 0.0516132 -0.953311 3.96012 -1.19565 0.127968 -0.139168 0.525605 -1.80223 1.60433 0.046192 0.844704 0.201564 -1.36682 -1.01287 0.310933 0.00397237 -4.00419 -0.348884 -1.07826 0.423066 -0.0699133 -0.645546 -0.403183 0.659666 2.45194 -0.578746 -0.796106 9.95702 -0.835152 -0.786351 -0.828588 -1.35384 9.82023 9.99368 -0.231215 -0.5454 -0.804967 0.937206 -0.231317 -0.653702 -0.845293 -0.895487 -0.759586 -0.959688 -0.900687 -0.430155 -0.197013 
0.562927 -0.495222 7.98219 0.183389 -1.15988 -0.178608 0.442871 -1.21488 -0.327991 -2.3662 2.06757 -0.655983 -0.845264 -0.423808 9.99091 9.99965 -0.392865 0.0359736 -0.765235 4.30427 -0.872326 -0.500517 -0.271429 -0.493655 -1.49465 0.856654 -0.804666 1.49277 -0.691569 -1.49945 -1.35418 -0.681193 -0.688498 -3.38746 -0.53818 -0.690363 1.16478 0.0253839 -0.837139 -0.374437 -0.622861 2.092 -0.725798 -0.623682 9.94858 -0.086807 0.13423 -0.44652 -0.94903 9.75793 9.9958 -0.625122 0.418729 -0.911621 1.87231 -0.162946 -1.1515 -0.401626 -0.880406 -0.341063 1.46577 -0.828504 -0.0116617 -0.236102 
-0.052471 -0.482781 7.84899 -0.189969 -1.07267 -0.261422 0.158528 -0.83552 -1.11617 -1.48151 0.229169 -0.61929 -0.433452 -0.240196 9.99126 9.99957 -0.442558 0.761011 -1.22944 4.1029 -1.03547 -0.595361 0.670292 0.287869 -0.497043 1.14676 -0.716922 0.328264 -0.369092 -0.966269 -0.0688156 -0.579927 -0.600444 -3.72301 -0.388093 -1.02957 0.826316 -0.25364 -0.419638 -0.52048 -0.310766 1.31764 -0.974264 -1.08187 9.94239 -0.289298 -0.610593 -0.958424 -1.4159 9.76746 9.99608 0.47583 -0.629566 -1.09631 0.592552 -0.302889 -0.533929 -0.607651 -0.612939 -0.955645 2.4277 -0.390476 -0.0996346 -0.577362 
0.515478 -0.425523 7.99836 0.978413 -0.576522 -0.0863035 -1.09013 -0.400859 -0.493465 -3.59262 1.62406 -0.196796 -0.457553 -0.590041 9.99039 9.99929 -0.325813 -0.423786 -1.19095 3.40858 -0.710041 -0.499894 2.06897 0.412837 -0.197646 -1.21476 -1.06516 1.05859 -0.462314 -1.39125 -1.6338 -0.322024 -1.16743 -3.64958 -0.449659 -0.475809 3.00989 -0.00718272 -0.648109 -0.407965 -0.275686 -0.176448 -1.15313 -0.684454 9.95668 -0.647986 -0.907632 -0.0753768 -0.732203 9.81804 9.99526 0.207336 0.578684 -0.368597 0.388317 -0.353777 -0.651734 -0.346339 -0.441746 -0.124828 2.01096 0.213282 1.03134 -0.548235 
1.79874 -0.450797 7.73336 0.16824 -0.992413 -0.870939 -1.09408 -0.497165 -0.435497 -1.72277 0.35299 -0.414555 -0.0909909 -0.50915 9.98911 9.9995 -0.740188 -1.23025 -0.515619 3.7873 -0.30654 -0.343076 3.83035 0.610351 -0.333496 -2.69022 -0.491583 1.23796 -1.22453 0.372841 0.42277 -0.136496 -0.688108 -4.08499 -0.452368 -0.536485 0.835878 -0.794614 -0.243791 -0.488511 -1.30175 -0.422444 0.444238 -0.331971 9.93357 -0.116338 -0.290785 -0.826663 -0.681515 9.73396 9.9944 -0.431011 -0.107384 -1.34712 1.92653 -1.89432 -0.417333 -0.260775 -0.509169 -0.235805 2.10836 -0.769489 1.24011 -0.66095 
-1.86342 -0.393048 7.04662 -0.658852 0.310616 -2.23829 -2.68225 -1.19795 0.218757 -2.29614 0.367296 -0.659526 -0.681224 -0.318281 9.98801 9.99932 -0.0395608 -1.12223 -1.22151 4.78531 -0.8074 -0.880433 -0.31962 0.773964 -1.18692 -2.60575 -1.68953 1.17941 -0.648956 -1.31085 0.0499512 -0.674603 -0.148953 -4.72782 -0.0272079 -0.827428 -0.741407 -0.313485 -1.07054 -0.324178 0.251175 0.175566 -0.539457 -1.07757 9.90326 -1.21989 -0.492725 -0.970795 -1.22505 9.52339 9.99424 -0.461848 -0.69775 -0.859231 1.10224 -0.924229 -0.635917 -1.03577 -0.74435 -0.0703341 0.942234 -0.589834 -1.65239 -0.177491 
0.0611635 -0.584126 6.22187 3.73097 -1.26439 -0.889234 -0.169336 -0.64402 -0.276174 -1.04859 6.90334 -0.710015 -1.28834 -0.250063 9.98804 9.99943 -0.674673 -1.25307 -1.27369 5.55871 -0.781691 -0.557571 0.315898 2.72922 -0.860987 -0.92369 -1.15917 2.5258 -0.696791 -0.968769 -4.93975 -0.282073 -1.60955 -5.27526 -0.444261 -1.44892 3.3333 -0.413863 -0.575605 -0.220296 -2.01945 -0.0262127 -1.36533 -1.67304 9.87564 -0.869198 -0.694597 -0.209356 -1.16204 9.40885 9.9945 -0.54492 2.84354 -0.98999 3.73123 -1.20884 -1.1316 -0.636596 0.568352 0.164104 -1.4442 0.239212 0.843719 -0.82229 
8.98856 2.9362 -0.256881 9.99824 5.98799 4.04418 4.91993 4.65901 2.65773 7.34078 9.99566 2.99886 5.04617 3.01461 8.55022 -7.12517 2.67586 3.84068 6.05353 9.99119 4.12244 3.3561 5.24263 7.03321 5.50313 5.32267 7.45551 9.99126 4.27583 5.82089 8.05549 2.6095 3.77679 3.18606 2.599 5.94049 6.90229 2.6499 5.2465 2.75893 8.4365 9.98963 6.43415 6.47683 -4.87036 5.01377 3.07421 5.08797 4.63189 -4.59988 -5.96092 6.31938 9.99824 6.30706 7.51911 3.60782 5.25847 4.45422 6.23225 3.21593 4.25297 6.8309 8.97586 3.33769 
2.8894 0.829819 7.41139 5.98373 1.94779 0.83859 1.73211 1.48121 1.11839 1.45475 6.66416 0.308888 1.96951 1.14317 9.99817 8.7159 0.773403 1.69512 2.25035 3.67101 1.69837 1.13903 1.35607 3.45849 1.64899 1.28636 2.83862 4.12789 1.15434 1.35778 -0.158472 0.925465 1.60869 -0.052443 0.224365 1.9892 2.63384 0.668878 1.97549 0.749144 1.45761 4.18192 2.37617 1.93977 9.11898 1.55472 0.70565 1.83407 1.55672 8.58287 9.24266 1.75042 4.75984 2.68692 3.17815 0.978818 2.56275 1.57411 2.68416 0.527704 -0.157557 1.28443 3.58598 0.410446 
0.386668 0.0845366 8.1324 -1.18289 1.81809 1.07087 1.18168 1.99849 0.728107 0.285754 -1.37625 -0.218654 1.64214 -0.188982 9.99528 9.9979 -0.524969 -0.173749 1.77183 -1.43945 2.04095 -0.496585 -0.476192 1.45618 1.92208 0.187879 1.42407 -0.765721 0.154706 1.22427 2.48087 -0.318191 0.3018 -0.198032 -0.403588 1.44723 -1.19149 -0.446711 1.47321 -0.0938351 3.67609 1.52162 0.824795 1.68434 9.75434 1.52971 -0.321696 -0.435029 1.69539 9.40254 10 1.18297 -0.663505 1.76382 -2.51855 0.0569881 2.01908 2.11095 2.14525 -0.368623 0.29716 1.34431 -0.145248 -0.596752 
1.6101 -0.0538582 7.41149 -1.01388 1.37151 0.703798 1.17372 1.30429 -0.471924 2.29763 -1.02652 -0.235208 1.47627 -0.422844 9.9795 9.99714 -0.456707 0.793026 1.81127 -0.695426 1.42078 0.830193 -0.236353 1.01047 1.52743 0.291916 1.40129 -0.681311 -0.649514 2.32312 2.08144 -0.224424 0.038749 -0.361433 -0.296667 1.31217 -1.11756 -0.229363 1.41073 -0.120515 1.02422 1.35466 1.60575 1.79535 9.76877 1.86362 0.0366065 -0.543384 1.87029 9.39405 9.9977 0.849264 -0.132546 1.61255 -2.25884 -0.523928 1.93095 1.52247 0.925135 -0.263501 -0.091258 0.88023 2.19824 -0.385323 
1.81189 -0.0264505 8.201 -0.953416 2.72476 0.795072 1.55033 0.88861 -0.266335 2.23617 -1.46351 -0.195125 1.32803 -0.32354 8.55782 9.99171 -0.527641 0.71629 1.60083 -1.50989 0.599392 0.505421 -0.249682 1.05913 1.80144 0.104294 1.80322 -0.468161 1.67147 1.69454 3.34588 -0.407958 -0.234825 -0.655331 -0.664502 1.61735 -0.672149 -0.227321 1.1609 -0.178201 0.324041 1.123 1.79946 1.20587 9.77872 0.912397 -0.535753 1.60457 0.625804 9.53028 9.97081 0.372715 -0.580128 0.531002 -2.24317 -0.00542395 1.36314 0.810892 1.01112 0.550348 -0.278376 1.0604 1.91044 -0.328132 
1.87659 -0.269195 8.51467 -0.841251 1.59457 0.520247 1.64836 0.950451 -0.44834 1.65858 -1.51988 -0.292867 1.67331 -0.388133 9.98085 10 -0.451726 0.782517 1.4493 -1.29376 0.949557 -0.296521 0.27771 1.08223 1.76992 1.47977 2.02252 -0.517851 0.122128 1.63021 1.52835 -0.449756 1.29899 -0.520984 -0.224579 1.44877 -1.00001 -0.196271 0.931239 -0.136664 0.806747 1.15216 1.66027 1.30519 9.84984 1.00909 -0.575577 0.98771 1.60842 9.6675 9.99535 3.23621 -0.507153 1.93947 -2.57298 0.0204541 0.983494 1.19616 1.56245 -0.716244 -0.0394402 1.2218 1.50733 -0.188215 
2.21987 0.0986523 7.82124 -0.995354 1.27497 0.752491 1.37067 1.69922 0.0205194 2.20278 -1.10984 -0.172694 1.86927 -0.328782 9.97706 9.9884 -0.393116 1.08936 1.56263 -1.19206 1.70934 0.695559 -0.397037 1.35235 1.39484 -0.103136 1.47051 -0.639976 0.00966579 2.09879 2.06614 -0.171614 0.0932226 -0.280119 -0.15394 1.48211 -1.04198 -0.266465 1.6036 -0.0270799 2.16317 1.27008 1.77682 1.28774 9.81354 1.47651 0.0892052 -0.492855 1.92831 9.51611 9.99314 1.63066 -0.590246 1.43784 -2.75408 -0.0204215 1.68345 1.54326 1.1138 -0.261786 0.00625687 0.990726 2.19011 -0.140801 
1.62089 -0.468901 6.9177 -0.936555 1.29349 0.606583 1.08493 1.59198 -0.658974 1.47063 -1.67157 -0.0927766 1.54589 -0.51596 9.88112 9.99875 -0.378719 0.640601 1.15896 -1.54366 1.86664 -0.174056 0.0165019 1.60408 1.48724 -0.68894 1.28658 -0.489151 -0.186062 1.18401 2.333 -0.270665 -0.28006 0.185075 -0.399839 1.2964 -1.73357 -0.337281 2.13369 -0.598328 1.32407 1.30659 1.41727 1.63586 9.41067 1.8123 -0.31213 -0.24783 2.1089 9.02972 9.90488 1.24918 -0.465178 2.03745 -2.99246 -0.15675 2.16876 1.58355 1.94256 -0.200136 0.221713 2.53625 1.71526 -0.63577 
1.29052 -0.0776291 6.65136 -0.903093 1.99294 0.656071 0.390101 1.34129 -0.661707 0.987045 -1.95409 -0.0753676 1.67044 -0.153523 9.95909 9.97444 -0.454349 -0.667168 1.07682 -0.755847 1.93131 0.781451 0.221822 1.30062 1.8251 -0.0358646 1.49844 -0.565688 0.177856 1.7152 2.11741 -0.194098 -0.551782 -0.46364 -0.280031 1.8256 -1.10385 -0.130026 1.75466 -0.116758 2.2358 1.47559 0.736924 1.466 9.52909 1.71239 -0.544985 1.75236 2.02662 8.98914 9.9725 1.41728 -0.799817 2.46886 -3.00019 0.336116 0.933327 1.57092 1.21602 -0.0356679 -0.116064 1.3446 1.98023 -0.169206 
5.9768 -0.807937 9.26088 1.65866 -3.5734 -0.212964 -0.672059 0.138856 -1.02498 2.07833 1.43573 -0.85389 -0.286757 -0.510318 8.15591 9.99983 -1.06977 0.0204389 -0.186115 -0.703822 -0.612164 -0.473214 4.01734 -2.55808 -1.03744 -0.209242 -1.24337 -1.54815 -1.16732 -1.67937 -1.18522 -0.54665 -0.295288 -1.1714 -0.553033 -0.278573 1.2288 -0.295703 -0.56588 -0.446312 -3.97778 -0.7969 0.61933 -1.11956 9.97076 -0.366139 0.113994 0.18815 -0.911354 9.87554 9.99956 -0.721919 0.891144 -0.808557 0.212653 -2.4697 -0.512784 -0.270044 -1.50667 -0.424221 0.431812 -1.02208 7.32853 -0.532365 
-0.225119 -0.627018 7.82474 -0.427061 -0.137224 -0.967423 -0.294816 -1.57536 -0.20844 -0.568151 0.880409 -1.0525 -0.933081 -0.192501 9.98981 9.99925 -0.451375 -0.637381 -1.25135 3.94471 -0.816626 -0.584468 0.0516615 0.425906 -1.07864 -0.26779 -0.819416 1.02283 -1.07849 -0.680839 -0.575573 -0.272146 -0.920421 -3.69974 -0.631711 -1.10984 0.6594 -0.75637 -1.08531 -0.728201 -0.0188161 0.595077 -0.898192 -1.39521 9.93334 -0.617655 -0.126701 -0.625432 -1.43998 9.73172 9.99478 -0.0434011 -0.499472 -1.06621 1.35252 -0.868004 -0.526656 -0.895963 -0.981524 -0.468008 -0.124083 -0.272633 -0.348565 -0.054486 
-0.483608 -0.212634 7.2824 1.02899 -1.24489 -0.0066316 0.909432 0.0813557 -0.911899 0.455655 0.321591 -0.302692 0.888727 -0.481746 9.98436 9.99986 -0.192504 -0.220233 0.490404 3.45617 -0.132024 -0.0906086 1.17149 1.16338 -0.000919498 -1.43558 -0.426174 1.97401 0.127411 0.246706 2.16275 -0.421978 0.583368 -3.74203 -0.194204 0.690027 -1.3225 -1.14996 -0.083682 -0.405056 0.872705 -2.09402 0.846724 0.0183631 9.84747 0.518 -0.440641 -0.356214 0.0347902 9.44426 9.99937 1.08023 0.105443 0.520904 -2.60067 -0.846674 0.00425829 0.623105 0.162334 -0.352193 -0.723868 1.55822 0.256886 -0.144312 
-0.473625 0.0746799 0.326566 -0.155129 0.341016 -0.233397 -0.355001 0.0976283 0.0902977 0.118493 0.523751 -0.0699765 0.49998 0.058603 0.203268 0.130321 0.219379 -0.303547 0.709706 0.0766231 -0.264249 0.337554 0.206213 -0.38196 -0.0933805 0.276848 0.22818 0.0354526 -0.207791 -0.381628 -0.25754 0.150871 0.0467967 0.0543035 0.172306 -0.0532886 -0.0300843 0.260378 -0.682317 0.337364 -0.0209804 0.142109 0.023859 0.160873 -0.240626 0.152797 -0.0598334 -0.168899 0.498861 -0.173501 -0.184235 0.340114 -0.167231 0.150188 -0.384399 0.242957 0.305523 0.147756 -0.451153 0.0846159 -0.205148 -0.385376 -0.38481 0.0575443 
0.529152 -0.0854796 -0.10799 -0.130784 -0.267644 0.35073 -0.0848494 -0.296948 0.0241659 0.0660078 -0.100454 0.20226 -0.180429 -0.553365 -0.198114 0.159823 0.293542 0.124936 -0.0920515 -0.306022 0.467026 0.268831 0.44743 0.275887 0.108195 -0.292419 0.521769 -0.167658 0.18501 0.16263 -0.166756 0.0107275 -0.182898 0.212624 0.232481 -0.390304 -0.302653 0.388054 0.274528 0.0833253 0.2621 0.127461 0.0406711 0.0243842 0.196934 0.0583627 -0.0925336 0.0935312 0.22973 -0.265719 0.0460618 -0.130671 0.142566 0.502902 -0.21118 -0.0498423 -0.197477 0.0221708 -0.000228049 0.116579 0.233778 0.507788 0.0917271 0.235526 
0.234001 0.161894 0.0128361 -0.0507467 0.184619 0.427099 0.15833 -0.232878 0.10267 0.329369 -0.165067 0.0588364 -0.438492 -0.122411 0.169609 -0.183314 0.149629 -0.377779 0.019252 0.0722195 0.212723 0.242956 -0.0937046 -0.00765927 -0.239041 -0.524483 0.166847 -0.0222292 -0.281494 -0.197258 -0.57109 -0.296748 0.120259 0.293504 -0.17241 -0.0447208 -0.184127 0.13937 0.0283061 0.377389 -0.0100092 -0.123161 0.132251 0.0501115 -0.121811 -0.22149 -0.226005 0.13517 0.204027 -0.170186 -0.130144 1.02983 -0.359284 -0.338805 0.0185646 0.286389 0.0734024 0.108569 -0.298102 -0.0191849 0.10591 -0.357812 0.119642 -0.12954 
-0.202551 0.227022 0.00901559 0.056951 -0.18713 -0.372202 0.244617 -0.400158 0.183268 0.724292 -0.630452 0.376252 0.0248545 -0.150473 -0.262006 0.14477 0.25702 0.238705 0.0348087 -0.204693 0.286771 0.0755537 -0.287619 0.123736 -0.432156 -0.460257 -0.205629 0.0151793 0.458748 -0.181447 0.101729 0.543355 -0.127194 0.432413 0.249695 0.0152828 -0.0120648 0.156072 0.096308 -0.0460461 0.0871422 0.13033 0.0964112 0.164113 0.389491 0.471955 -0.306564 -0.0400058 -0.121415 -0.0145285 0.22572 0.594535 0.166705 0.2282 0.0377505 -0.860355 0.0467204 -0.0794349 0.265452 0.121988 -0.0524655 0.0442505 -0.212032 -0.292816 
-2.62012 -2.07859 -5.45271 -7.08709 -2.12808 -1.49989 -3.02925 -2.31809 -1.10543 -2.46962 -7.12306 -1.58949 -2.79531 -2.56451 9.80921 9.99866 -2.21798 -2.36796 -2.26716 0.442669 -2.37378 -2.34757 -1.6412 -4.95212 -2.27122 -1.49662 -2.41407 0.197462 -1.87582 -2.2508 2.67478 -2.24417 -2.05565 -9.64861 -2.33582 -2.17838 -4.01062 -1.5668 -3.00564 -2.39708 -2.35024 -4.11873 -2.72036 -1.97316 8.26445 -2.98666 -1.70595 -2.35575 -2.27007 6.19492 9.92705 -2.22449 -6.19509 -2.61242 -4.9793 -0.504202 -2.88429 -2.76382 -3.04653 -2.11385 -0.340555 -1.74917 -3.55596 -2.22765 
-9.92951 
-9.93182 
-0.206276 
-9.79872 
-9.98237 
-9.97833 
-9.98547 
-9.96076 
-9.94267 
-9.99775 
-9.83004 
-9.96244 
-9.97658 
-9.90583 
-0.00305905 
0.0914431 
-9.92472 
-9.97376 
-9.96508 
-9.7524 
-9.97885 
-9.97243 
-9.97428 
-9.83241 
-9.97555 
-9.95989 
-9.96759 
-7.6257 
-9.91728 
-9.98602 
-8.62515 
-9.92853 
-9.93641 
-8.4726 
-9.92004 
-9.97798 
-9.83509 
-9.96646 
-9.98071 
-9.91721 
-9.97179 
-9.85667 
-9.97377 
-9.9692 
-0.0589362 
-9.97974 
-9.952 
-9.93649 
-9.97763 
-0.0920887 
0.0129512 
-9.92738 
-9.8098 
-9.98331 
-9.81043 
-9.9857 
-9.97558 
-9.97702 
-9.96354 
-9.93246 
-9.83429 
-8.01514 
-9.86101 
-9.92577 
9.83534 

# Training State Metadata
FILENAME tetris_model_best_20260908_score2637400.txt
EPSILON 0.11299
EPSILON_MIN 0.05
EPSILON_DECAY 0.995
LEARNING_RATE 0.0015
GAMMA 0.99
TRAINING_EPISODES 84410
TOTAL_GAMES 435
BEST_SCORE 2637400
AVERAGE_SCORE 326429
PREVIOUS_AVG_SCORE 326429
