# Neural Network Model File
# Saved: 2026-09-06 15:49:01
# Filename: tetris_model_best_20260906_154901_score495800.txt
#
-1.89912 0.307215 9.98156 -0.0361025 0.497985 -1.67296 -0.961719 -1.89638 -1.03826 -0.519696 0.231916 0.354922 -1.17059 0.162436 2.52972 9.97167 0.399409 -0.941633 -1.20325 7.28004 -0.831582 -0.771757 -2.1541 -0.15127 -0.939671 -1.15758 -0.778466 4.33581 -0.95424 0.174685 -0.920937 0.000800844 0.184895 -4.52957 0.225147 -1.20275 -0.197673 0.454552 -1.16241 0.535049 -0.822729 -1.30762 -1.52381 -1.56895 9.97307 -1.21363 -0.472579 -1.49616 -0.825032 9.97337 9.97226 -0.91878 0.348868 -0.756718 0.651099 0.619972 -0.820179 -1.23062 -0.554509 -0.198854 -0.610586 -0.533674 -0.559932 0.187699 
-0.738164 -0.171353 9.98672 0.223353 0.0253295 -0.0948278 -1.4141 -1.36733 -0.735485 0.444011 0.510569 0.275345 0.0763134 -0.102877 2.74187 9.97854 0.152047 -1.37764 -0.0818073 7.60888 -0.463089 0.309865 -0.514178 0.25813 -0.171576 -0.0770586 -0.766266 5.0562 -0.954697 0.768918 -0.219388 0.0232072 0.652638 -3.75044 0.0834739 -0.489314 0.0861667 -0.606167 0.244143 -0.0757938 -0.382585 -1.5326 -0.152795 -0.792496 9.97956 -0.0751064 0.672212 0.739988 -0.236436 9.97974 9.97898 0.869098 0.613936 -0.344547 0.739097 0.806575 0.167589 -1.3052 0.448073 -0.36692 0.354929 0.392783 1.69483 0.371265 
0.499935 -0.117607 9.9992 0.220525 -0.209799 0.600357 0.375956 -0.418125 -0.627098 1.54435 0.0144148 -0.461013 0.134114 -0.202112 2.23738 9.9975 -0.161663 0.0443307 -0.800944 4.85061 -0.172897 -0.0658371 -1.2381 -0.273974 0.0991147 0.907705 -1.26474 2.8055 -0.254506 0.896456 -1.46613 -0.340433 -1.02068 -2.94417 0.0597028 -0.345436 -0.878869 -0.629216 0.646018 -0.138216 0.563726 0.798677 -0.0647635 -0.352396 9.99807 0.182058 -0.890427 0.214703 -0.588888 9.99816 9.99771 -0.381447 -0.0601649 -0.751324 0.157471 -1.12908 0.282615 0.356924 -0.377225 -0.704814 -2.01149 0.582941 0.0154081 -0.542996 
1.06438 0.0425467 9.99297 0.567829 -0.469225 0.517391 1.07575 -0.4898 -0.0247665 0.935062 0.465908 0.045523 -0.984722 0.17312 2.15099 9.9837 0.0782737 0.268716 -0.578609 5.79 -0.496084 -0.354246 -0.0139452 -0.671627 -1.33129 1.04038 -0.547405 3.48012 -0.373804 -1.04505 -0.448518 -0.2276 0.0816294 -3.06541 -0.0924081 -0.90918 0.0206886 -0.480912 -0.137401 0.0332026 0.0271897 0.365277 -0.850828 -0.889514 9.98766 -0.563493 0.0685348 0.00438226 -0.605775 9.9881 9.98675 -0.363043 0.37822 -1.03057 0.49142 -0.580893 -0.26596 -0.0558407 -0.628078 -0.745317 -0.984573 -0.143444 -0.210371 -0.0911569 
1.14608 0.127659 9.99034 -0.807135 -1.20538 -0.752117 0.380517 -0.942217 -0.635371 0.429278 -0.837871 0.639702 0.105771 0.169764 1.41072 9.87364 0.145386 0.448798 -0.555964 5.90546 -0.793315 0.525247 0.0950358 -0.611119 -1.40057 0.667681 0.44996 2.75746 0.631271 -0.957732 0.211538 0.708008 0.401053 -3.44112 0.048209 -0.681055 0.0907277 0.326972 -0.248549 -0.0061196 -0.149687 1.39099 -0.181606 -0.364505 9.96599 -0.438022 -0.389296 -0.431404 -0.943803 9.98417 9.91652 -0.0249014 0.0911017 -0.363597 0.105293 0.110581 -0.256625 -0.44816 -0.497925 -0.362401 -1.01057 -0.465065 -0.528358 0.200149 
0.247195 -0.127932 9.98908 0.168585 -1.17707 0.189289 0.214476 -0.845316 0.0394783 -0.24871 0.00945771 -0.28882 -0.477985 -0.0562358 2.30011 9.8322 -0.0253112 0.403472 -0.397553 6.11676 -0.504819 -0.132882 -0.584028 -0.642332 -1.12713 0.267213 -0.419272 3.46963 -0.354509 -1.16992 -0.877041 -0.313745 -0.321079 -2.85222 -0.170712 -0.322792 -0.318357 0.39263 -0.469804 -0.0069796 -0.530283 0.540608 -0.358323 -0.230882 9.91959 0.28064 0.501637 -0.0789805 -0.565963 9.94568 9.87216 -0.277798 0.340843 -0.565317 0.233487 0.118211 -0.784106 -0.0341845 -0.511899 0.0265129 0.289466 -1.2301 -0.143359 0.131445 
0.144769 -0.109137 9.9828 0.0330496 -0.791995 0.114534 -0.0707463 -0.457331 -0.737339 -0.268743 0.210319 -0.245757 -0.0598392 0.133694 1.72521 9.97714 -0.0686656 1.13494 -0.855395 5.92585 -0.661433 -0.221357 1.03922 -0.523251 -0.119881 0.836114 -0.259517 2.36045 -0.00512764 -0.580298 -0.0998941 -0.206141 -0.226674 -3.19264 -0.0142905 -0.655648 -0.014741 0.11995 -0.0459647 -0.146688 0.167665 -0.298825 -0.600401 -0.696321 9.97775 0.0844658 -0.236849 -0.584439 -1.04153 9.97784 9.97731 0.171478 -0.463352 -0.715495 -0.189439 0.0361734 -0.160218 -0.233918 -0.238103 -0.581718 0.708628 -1.04331 -0.520117 -0.203472 
-0.441281 -0.065866 9.98866 0.701876 -0.368981 0.275722 0.103022 -0.0320467 -0.12264 -1.00815 0.802755 0.162702 -0.0979284 -0.230075 2.85364 9.98659 0.034112 -0.0640666 -0.830876 5.18257 -0.347825 -0.139904 0.609841 -0.554689 0.16557 -0.0994767 -0.668643 3.10445 -0.168844 -0.904639 -1.21651 0.0378005 -0.807637 -3.11548 -0.0898044 -0.115835 1.83264 0.352386 -0.288403 -0.0481398 0.554717 -0.375635 -0.793278 -0.320033 9.98673 -0.288208 -0.547884 0.284656 -0.381315 9.98668 9.98656 0.107033 0.219769 -0.0303496 0.268029 -0.00808271 -0.292035 0.0134489 -0.0857523 0.235089 0.512746 -0.859971 -0.552696 -0.188324 
0.792246 -0.00394523 9.99961 0.166449 -0.966496 -0.422394 -0.200582 -0.0393826 0.0279739 -0.711863 -0.128515 0.0320965 0.35569 -0.0619912 2.67732 10 -0.29305 -0.783037 -0.0684775 6.00438 0.143383 0.104059 1.62854 -0.0332606 0.118825 -2.0483 -0.0317097 3.72334 -0.764745 0.615154 0.770901 0.310522 -0.241097 -3.43973 -0.00531284 -0.0895242 -0.493928 -0.347868 0.202982 -0.0414751 -0.131649 -0.898804 0.891212 0.104279 10 0.330519 0.156185 -0.379577 -0.243694 10 10 -0.0591816 -0.106304 -0.954426 0.448011 -1.47117 0.0295145 0.186065 -0.0606303 0.211243 0.474504 0.0591416 0.431445 -0.213828 
-0.987804 -0.0325504 9.99961 -0.411506 0.529661 -1.87764 -2.12509 -0.828653 0.595465 -1.06092 0.45464 -0.299242 -0.3209 0.0425646 2.34986 9.99191 0.321261 -0.761429 -0.860755 6.55786 -0.443869 -0.519629 -0.408678 -0.0846201 -0.821303 -2.34728 -1.28867 3.19157 -0.237416 -0.891837 0.242604 -0.313903 0.211653 -4.15229 0.333527 -0.466876 -2.12026 0.0468833 -0.710088 0.0365168 -0.754985 -0.25978 -0.178847 -0.716642 9.99956 -0.859345 -0.132081 -0.61009 -0.870987 9.99961 9.99936 -0.522207 0.258926 -0.602949 0.145732 -0.546142 -0.275411 -0.67526 -0.379769 0.290371 0.0304077 -1.52086 -0.870473 0.183305 
-0.467253 0.0691912 9.98553 2.35504 -0.724595 -0.232248 -0.508228 0.0286681 0.39595 -0.087075 2.96169 -0.0568994 -0.635157 0.403694 5.75104 9.97852 -0.0209425 -0.599262 -0.619914 8.75323 -0.118181 0.0961346 -0.773516 1.00906 -0.190671 -0.96928 -0.397797 5.92322 -0.0491243 -0.371369 -1.15251 0.371495 -0.955976 -4.35085 0.209344 -0.795375 0.174903 0.239339 0.0777191 0.433271 -0.797495 -1.32577 -0.711777 -0.985792 9.97908 -0.2158 -0.0411274 0.444373 -0.509077 9.97915 9.97858 0.247612 2.42871 -0.337336 0.616448 -0.582846 -0.478221 0.0168066 1.22765 0.817758 -0.314893 -0.530921 -0.0481063 -0.168584 
4.92009 1.53 -2.10065 6.58068 4.56376 2.63801 3.1577 3.25259 1.25163 4.19064 7.12736 1.59265 3.63997 1.60842 7.3376 -5.83404 1.26967 2.43452 4.64738 8.00508 2.71627 1.94994 2.31967 4.26172 4.09698 3.14403 6.04912 8.34478 2.87019 4.37787 5.4168 1.20331 2.37063 1.7954 1.19281 4.53435 2.42626 1.2437 3.8403 1.35274 5.24188 5.82376 5.02799 5.07087 -4.92552 3.60758 1.66803 3.68177 3.22571 -4.86259 -5.4103 4.34889 7.48571 4.89425 2.56641 2.19456 3.85229 3.04805 4.82678 1.80975 2.24061 4.05841 4.68889 1.93151 
2.27343 1.0681 2.60737 5.32215 2.39784 1.07831 1.83693 1.72477 1.3604 2.14507 4.70312 0.547141 2.20776 1.38152 4.93564 -1.69857 1.01175 1.93347 2.48866 4.84769 1.94038 1.37735 0.758136 3.03116 1.89271 1.60512 3.10828 5.17089 1.40781 1.74068 2.87525 1.16378 1.84699 0.222894 0.462695 2.22746 1.03059 0.90714 2.21376 0.987462 2.34055 3.05533 2.61446 2.18972 -0.913114 1.79298 0.943949 2.07242 1.7962 -1.03565 -1.21581 2.64326 4.64677 2.92655 1.9843 1.20393 2.80101 1.81238 2.92404 0.766029 0.899927 2.15306 2.84881 0.648786 
1.33395 0.382089 7.37574 0.910311 2.53392 1.39951 1.70495 2.4629 1.1408 1.18619 1.03247 0.0789586 1.93984 0.108518 0.912803 1.85689 -0.227375 0.123986 2.06974 -0.323997 2.41776 -0.198868 0.139905 2.31606 2.32178 0.315868 1.72194 -0.504111 0.452383 1.52188 1.97641 -0.0205986 0.599437 0.267296 -0.106042 1.74493 0.231991 -0.149089 1.77094 0.203718 2.06991 2.41382 1.12273 2.10811 2.52117 1.82754 -0.0239843 -0.137543 1.99317 2.27322 2.32982 1.52348 0.639048 2.06163 -0.802614 0.429012 2.31697 2.40863 2.45492 -0.0709615 -0.0115265 0.72663 0.790129 -0.299154 
1.93956 0.294427 9.92756 0.0505755 1.71931 1.05149 1.77198 1.65244 -0.123932 2.35472 -0.537935 0.112797 1.82382 -0.0740084 0.300387 4.36179 -0.107937 1.14228 2.15936 0.838613 1.7687 1.17847 0.473718 1.30393 1.87538 0.553187 1.74932 0.404605 -0.300541 2.05825 2.60708 0.12416 0.387102 0.0829362 0.0519555 1.66007 -0.00768303 0.118786 1.75858 0.228092 1.68223 1.73341 1.95391 2.33394 6.39758 2.21135 0.385021 -0.194945 2.21835 6.85991 5.21112 1.82554 -0.0884767 1.96057 -1.02636 -0.176003 2.27892 1.8702 1.27306 0.085094 1.00727 1.38285 2.28728 -0.0365956 
1.90742 0.351972 9.64465 0.202266 2.50753 1.17386 1.4527 1.26721 0.111976 1.68858 -0.376826 0.183206 1.70655 0.0550125 1.11401 3.04509 -0.149176 1.09498 1.9792 0.0504806 0.977974 0.883825 0.164993 1.5347 2.21601 0.349006 2.55474 1.2528 2.36244 2.46919 2.48891 -0.0295049 0.143549 -0.18528 -0.286045 1.99594 0.563813 0.150895 1.53949 0.200297 1.35288 1.40613 2.1779 1.58442 3.81452 1.29086 -0.157392 1.98322 1.00427 4.4278 3.70476 0.752309 0.866832 0.909748 -0.926884 0.463302 1.74155 1.18944 1.38966 0.928679 -0.263364 2.25583 2.17204 0.0503187 
2.22407 0.0722297 9.98561 0.83461 1.96838 0.862285 1.29552 1.29276 -0.106602 2.02034 1.37702 0.0483236 2.01502 -0.0463095 2.28853 4.51189 -0.110082 1.12332 1.79118 -0.0613863 1.29155 0.0451542 0.836444 1.99291 2.11186 0.933808 2.59519 0.936603 0.463823 1.95869 1.40568 -0.108081 1.64066 -0.112837 0.11709 1.79078 0.151667 0.144982 1.27296 0.204901 1.56599 1.52098 2.00191 1.64723 5.52207 1.35079 -0.234117 1.32966 1.95042 6.29704 5.02219 2.87063 0.547456 2.28161 -1.40672 0.337998 1.32511 1.53806 1.90395 -0.374422 -0.211802 1.95605 2.08153 0.153382 
2.49107 0.379568 9.9956 1.32367 1.55645 1.03395 1.7011 1.98037 0.301699 2.36242 0.736088 0.108372 2.15052 -0.0481135 1.52354 5.14534 -0.112468 1.36941 1.84386 0.161701 1.99071 0.97633 0.787572 1.41695 1.67616 0.934586 1.75107 -0.243562 0.290205 2.56085 2.52988 0.109145 0.374193 0.0278029 0.126753 1.76343 0.254869 0.0144359 1.88478 0.253728 2.11714 1.55888 2.0578 1.56901 6.61137 1.75778 0.370011 -0.211675 2.27544 6.86668 5.3169 1.72981 0.287289 1.71915 -0.913586 0.260884 1.96474 1.82469 1.39492 0.0189715 0.727348 2.07989 1.97657 0.139873 
1.85666 -0.232091 6.44506 0.489797 1.52983 0.843063 1.79564 1.82862 -0.422363 1.50055 -0.0218098 0.144071 1.78231 -0.278853 2.02718 1.73014 -0.141558 0.877343 1.39541 -0.443183 2.10318 0.0628856 0.404954 2.06068 1.72372 0.351195 1.52321 0.462447 0.0507524 1.42082 1.58135 -0.0336787 -0.0431416 0.528405 -0.162721 1.53271 0.618003 -0.100378 2.37025 -0.361303 2.95536 2.36226 1.65372 1.87256 1.87034 2.04885 -0.0752959 -0.0111258 2.40494 2.21417 1.99402 1.63616 1.70227 2.27402 -0.725041 0.0801665 2.40526 1.81998 2.1793 0.0367825 0.46459 1.7528 1.81768 -0.398599 
1.61144 0.21006 9.79607 0.041629 2.37921 0.942929 1.87436 1.62841 -0.374199 1.97451 -0.334954 0.212058 1.95747 0.134397 0.357475 4.78874 -0.166438 -0.377313 1.36442 0.67691 2.21788 1.06932 -0.129214 2.27054 2.11208 0.410247 1.78641 1.02571 0.466903 1.95727 1.14271 0.0936499 -0.263934 -0.0512455 0.00775195 2.1127 0.203224 0.157589 2.04168 0.17107 2.08553 2.22258 1.02461 1.75303 5.44668 1.99959 -0.25716 2.04028 2.23528 5.58973 5.20757 1.82904 -0.194237 2.74978 -0.470145 0.57366 1.22062 1.85792 1.50332 0.251984 0.231614 1.27199 1.72451 0.118714 
1.7829 -0.499834 9.6269 0.86991 -3.06105 0.0966318 0.337238 0.445963 -0.715963 1.13471 1.11258 -0.545825 0.0212621 -0.202119 0.56051 3.84272 -0.761578 0.328745 0.122001 0.835729 -0.299557 -0.165026 1.48542 -0.898275 -0.723089 -0.0505208 -0.929507 -0.25971 -0.85772 -1.10983 -0.129742 -0.238498 0.0128267 -0.816499 -0.244875 0.029504 0.805921 0.0123871 -0.257814 -0.138154 -0.384041 -0.286962 0.927408 -0.79916 4.5221 -0.0580559 0.422128 0.496348 -0.602677 4.70785 4.02398 0.31302 0.0746482 -0.509498 0.324972 -2.17685 -0.204732 0.0380083 -1.19622 -0.116054 -0.0890784 0.379474 2.66859 -0.224176 
-0.195058 -0.237958 9.99398 -0.182852 0.0575667 -0.576601 -0.166067 -1.18004 0.187466 -0.363779 0.276592 -0.663589 -0.544069 0.196832 2.39265 9.9879 -0.0620555 -0.247935 -0.861907 5.86252 -0.424223 -0.195082 0.0582942 -0.160523 -0.684649 -0.549346 -0.392574 3.07956 -0.677958 -0.399761 -0.0294289 0.117062 -0.53118 -3.12994 -0.242481 -0.720535 -0.255125 -0.367386 -0.696237 -0.338981 -0.183808 -0.120253 -0.508913 -0.996819 9.9887 -0.22849 0.262479 -0.236098 -1.051 9.98884 9.98819 -0.0487706 -0.139219 -0.669153 0.39867 -0.494541 -0.137511 -0.506796 -0.590197 -0.0787075 -0.553091 -0.699969 -0.498892 0.334829 
0.0274249 -0.000544095 9.98253 1.49105 -1.22875 0.208837 0.247922 0.312503 -0.682324 1.14983 1.57058 -0.0907027 1.10065 -0.269327 2.78162 9.80623 0.0198907 -0.00774932 0.702583 4.45981 0.0900799 0.121661 -0.665071 0.81489 0.227925 -0.710235 -0.120334 3.05573 0.310929 0.41145 -0.149571 -0.209695 0.795552 -3.36398 0.0181021 0.902079 -1.10257 -0.93792 0.128371 -0.192789 0.463135 -0.667997 1.05884 0.264033 9.97308 0.730052 -0.228463 -0.143836 0.245736 9.9769 9.9654 0.640612 0.540715 0.731985 -0.3715 -0.666257 0.216283 0.835117 0.380984 -0.139913 -0.687643 0.662111 0.570583 0.0680477 
-0.473625 0.0746799 0.326566 -0.155129 0.341016 -0.233397 -0.355001 0.0976283 0.0902977 0.118493 0.523751 -0.0699765 0.49998 0.058603 0.203268 0.130321 0.219379 -0.303547 0.709706 0.0766231 -0.264249 0.337554 0.206213 -0.38196 -0.0933805 0.276848 0.22818 0.0354526 -0.207791 -0.381628 -0.25754 0.150871 0.0467967 0.0543035 0.172306 -0.0532886 -0.0300843 0.260378 -0.682317 0.337364 -0.0209804 0.142109 0.023859 0.160873 -0.240626 0.152797 -0.0598334 -0.168899 0.498861 -0.173501 -0.184235 0.340114 -0.167231 0.150188 -0.384399 0.242957 0.305523 0.147756 -0.451153 0.0846159 -0.205148 -0.385376 -0.38481 0.0575443 
0.529152 -0.0854796 -0.10799 -0.130784 -0.267644 0.35073 -0.0848494 -0.296948 0.0241659 0.0660078 -0.100454 0.20226 -0.180429 -0.553365 -0.198114 0.159823 0.293542 0.124936 -0.0920515 -0.306022 0.467026 0.268831 0.44743 0.275887 0.108195 -0.292419 0.521769 -0.167658 0.18501 0.16263 -0.166756 0.0107275 -0.182898 0.212624 0.232481 -0.390304 -0.302653 0.388054 0.274528 0.0833253 0.2621 0.127461 0.0406711 0.0243842 0.196934 0.0583627 -0.0925336 0.0935312 0.22973 -0.265719 0.0460618 -0.130671 0.142566 0.502902 -0.21118 -0.0498423 -0.197477 0.0221708 -0.000228049 0.116579 0.233778 0.507788 0.0917271 0.235526 
0.234001 0.161894 0.0128361 -0.0507467 0.184619 0.427099 0.15833 -0.232878 0.10267 0.329369 -0.165067 0.0588364 -0.438492 -0.122411 0.169609 -0.183314 0.149629 -0.377779 0.019252 0.0722195 0.212723 0.242956 -0.0937046 -0.00765927 -0.239041 -0.524483 0.166847 -0.0222292 -0.281494 -0.197258 -0.57109 -0.296748 0.120259 0.293504 -0.17241 -0.0447208 -0.184127 0.13937 0.0283061 0.377389 -0.0100092 -0.123161 0.132251 0.0501115 -0.121811 -0.22149 -0.226005 0.13517 0.204027 -0.170186 -0.130144 1.02983 -0.359284 -0.338805 0.0185646 0.286389 0.0734024 0.108569 -0.298102 -0.0191849 0.10591 -0.357812 0.119642 -0.12954 
-0.202551 0.227022 0.00901559 0.056951 -0.18713 -0.372202 0.244617 -0.400158 0.183268 0.724292 -0.630452 0.376252 0.0248545 -0.150473 -0.262006 0.14477 0.25702 0.238705 0.0348087 -0.204693 0.286771 0.0755537 -0.287619 0.123736 -0.432156 -0.460257 -0.205629 0.0151793 0.458748 -0.181447 0.101729 0.543355 -0.127194 0.432413 0.249695 0.0152828 -0.0120648 0.156072 0.096308 -0.0460461 0.0871422 0.13033 0.0964112 0.164113 0.389491 0.471955 -0.306564 -0.0400058 -0.121415 -0.0145285 0.22572 0.594535 0.166705 0.2282 0.0377505 -0.860355 0.0467204 -0.0794349 0.265452 0.121988 -0.0524655 0.0442505 -0.212032 -0.292816 
-2.39397 -2.04867 9.97335 -4.76852 -2.14493 -1.4391 -1.93795 -2.12083 -0.960571 -2.37984 -5.38873 -1.56016 -2.76627 -2.53326 0.573839 9.94793 -2.18695 -2.33599 -2.23677 -0.93417 -2.26515 -2.31706 -0.519341 -2.71837 -2.10344 -1.06389 -1.77998 -3.04544 -1.53128 -2.31513 -1.68733 -2.21354 -2.02502 -8.93642 -2.30508 -2.1486 -0.613375 -1.53729 -2.97612 -2.36635 -2.21658 -1.94294 -2.6902 -1.62634 9.95225 -2.95712 -1.6757 -2.32461 -2.19307 9.95316 9.94944 -2.1369 -4.49317 -2.58806 -3.02185 -0.383386 -2.85451 -2.73428 -3.00487 -2.08327 -0.7339 -1.84284 -2.70045 -2.19669 
-9.92628 
-9.98378 
0.560629 
-6.74971 
-9.99735 
-9.98905 
-9.98897 
-9.94086 
-9.97028 
-8.12911 
-5.24438 
-9.98442 
-9.97244 
-9.97834 
0.53348 
1.13584 
-9.98047 
-9.98106 
-9.96668 
-9.13956 
-9.96504 
-9.98789 
-9.95644 
-9.98692 
-9.98808 
-9.99265 
-8.96594 
-3.43598 
-9.99361 
-9.98881 
-6.89648 
-9.9783 
-9.96704 
-2.98782 
-9.97801 
-9.98109 
-9.99637 
-9.99099 
-9.96894 
-9.98258 
-9.94518 
-9.96852 
-9.97529 
-9.96132 
0.993253 
-9.9699 
-9.97575 
-9.99409 
-9.94709 
0.960429 
1.06424 
-9.93054 
-2.79997 
-9.96329 
-9.95358 
-9.99655 
-9.9651 
-9.96494 
-9.96543 
-9.99109 
-9.9792 
-9.98276 
-9.99344 
-9.98461 
9.94586 

# Training State Metadata
FILENAME tetris_model_best_20260906_154901_score495800.txt
EPSILON 0.221181
EPSILON_MIN 0.05
EPSILON_DECAY 0.995
LEARNING_RATE 0.0015
GAMMA 0.99
TRAINING_EPISODES 29599
TOTAL_GAMES 302
BEST_SCORE 495800
AVERAGE_SCORE 6475
PREVIOUS_AVG_SCORE 6475
