# Neural Network Model File
# Saved: 2026-09-05 21:51:24
# Filename: tetris_model_best_20260905_215124_score25300.txt
#
-1.5576 0.383331 9.97759 1.00537 -0.646991 -2.20416 -1.38443 -2.19509 -0.948872 -1.20625 1.13826 0.438632 -1.41313 0.188735 0.6405 4.61211 0.495668 -1.22908 -1.21052 5.23985 -1.10249 -0.802721 -1.06523 -0.665029 -1.55577 -1.49834 -0.920206 3.58438 -0.923874 -0.805772 -1.30372 0.0843856 0.0334202 -3.94406 0.285807 -1.02676 0.0467497 0.480667 -1.35329 0.622832 -0.79417 -1.25942 -1.13519 -1.22306 5.89967 -1.42357 -0.401822 -1.12934 -1.33186 6.14696 4.6005 -0.971237 0.771152 -0.544878 0.091128 0.390241 -0.938592 -1.54922 0.0661195 -0.131151 -0.191484 -0.919542 -1.17082 0.249385 
-0.647459 -0.234995 9.9829 0.426815 -0.406483 -0.737063 -1.50417 -1.74295 -0.366322 -0.917233 0.784196 0.230306 -0.347107 -0.181251 0.269292 5.04619 0.1237 -1.7291 -0.775783 5.04955 -0.874629 0.0855587 -0.492096 -0.344641 -0.886746 -0.37759 -1.03878 3.70345 -0.787922 -0.601841 -0.757959 -0.0184829 0.405406 -3.35133 0.0275567 -1.04142 -0.121495 -0.716475 -0.209736 -0.113282 -0.826618 -1.11963 -0.881554 -0.943509 6.09352 -0.432477 0.492374 0.236861 -0.996926 6.17872 5.21689 -0.381883 0.15591 -1.08905 0.109626 0.625611 -0.316635 -1.69999 0.749154 -0.257776 0.593492 -0.343929 -0.539122 0.298677 
0.246945 0.118541 9.98546 1.08236 -0.150434 0.391897 0.249712 -0.658738 -0.298534 0.901267 1.06402 -0.235791 0.378841 0.068708 1.12556 3.92762 0.09298 0.0426687 -0.742234 3.84792 -0.243602 0.0937785 -0.446482 -0.451147 0.223074 0.975795 -0.519237 2.87528 0.1513 0.670209 -0.513095 -0.16261 -0.588041 -2.2476 0.299961 -0.279385 -0.749661 -0.539267 0.572295 0.105644 0.00768895 0.338582 0.10441 0.00416086 5.83709 0.256037 -0.622111 0.149842 -0.482787 5.86465 4.81965 -0.701828 0.683448 -0.569284 0.0264833 -0.929254 0.260242 0.222465 0.489147 -0.201266 -1.02291 0.232993 0.151873 -0.384202 
-0.196627 0.0466813 9.98823 0.981105 -0.457847 0.425745 0.652195 -0.833287 0.210755 0.0847012 0.699116 0.0496818 -0.9852 0.202319 0.898093 4.47107 0.0739003 0.141917 -0.310998 3.7668 -0.656875 -0.462342 -0.112492 -0.966751 -1.20287 0.484659 -0.376204 2.5587 -0.173889 -1.12444 -0.597964 -0.285898 0.163964 -2.55846 -0.107304 -0.553522 -0.112438 -0.584213 -0.161511 0.0193387 -0.177663 -0.426785 -0.866341 -0.339781 5.96762 -0.686431 -0.0496808 -0.407205 -0.60948 6.05653 4.93453 -0.413902 0.431397 -0.544037 -0.016725 -0.651787 -0.0489818 -0.327114 0.315582 -0.529663 -0.705378 -0.191895 -0.355773 -0.181217 
-0.311942 0.150782 9.98072 0.346618 -1.14798 -0.713773 -0.0906733 -1.19405 -0.423516 -0.353416 0.182934 0.723273 0.130658 0.260918 0.613317 4.38938 0.183301 0.366811 -0.475429 4.09012 -1.0663 0.529185 0.150939 -0.960181 -1.50462 0.315714 -0.281561 2.10532 0.765331 -0.93207 -0.735774 0.795762 0.50346 -2.88927 0.0867997 -0.80905 0.193286 0.397364 -0.397313 0.0336731 -0.536806 0.222447 -0.486258 -0.447783 6.18612 -0.547074 -0.441888 -0.120708 -1.02887 5.95345 4.97968 -0.574836 0.803853 -0.449827 0.665779 0.0466382 -0.367592 -0.770447 0.0677656 -0.0449624 -0.60339 -0.322987 -0.417494 0.251484 
-0.52747 -0.221267 9.98405 0.358636 -1.14325 0.0314091 -0.0365431 -1.27156 0.0910686 -0.550635 0.081553 -0.343793 -0.597405 0.00832091 0.579981 4.23499 0.00144776 0.302625 -0.184239 4.07305 -0.925075 -0.164537 -0.320874 -1.05366 -1.13197 0.0311805 -0.428281 2.46187 -0.197131 -0.883274 -0.417074 -0.315625 0.0890278 -2.38377 -0.235269 -0.381099 -0.100394 0.468317 -0.722116 -0.0238375 -0.553982 -0.308664 -0.0313455 -0.213059 5.34179 0.140317 0.508749 -0.0813476 -0.71083 6.15737 4.34283 -0.87013 0.491163 -0.769735 0.609635 0.620951 -0.871284 -0.395802 -0.068639 -0.0402276 0.448544 -1.14953 -0.28314 0.168732 
-0.594211 -0.0565437 9.98223 0.317755 -0.48701 -0.0257607 -0.115102 -0.801654 -0.348966 -0.658477 0.582961 -0.270146 -0.159609 0.318242 -0.0846328 5.26751 0.0335596 1.18873 -0.73337 4.20092 -0.949881 -0.201977 0.490845 -0.759069 0.0249119 0.74278 -1.26116 1.6533 0.326099 -0.53403 -0.315211 -0.144708 0.0270238 -2.68983 0.0320897 -1.02611 -0.0904039 0.257684 -0.25635 -0.101449 -0.398208 -1.01655 -0.520164 -1.07302 6.35589 0.00199691 -0.296397 -0.813304 -0.940426 6.85976 6.11995 -0.466152 -0.184796 -1.08391 -0.0864168 0.568863 -0.192346 -0.382678 0.36767 -0.239932 0.804361 -1.03582 -0.732908 -0.124229 
-0.439231 0.0620161 9.9822 0.795226 -0.608396 0.133284 0.185736 -0.313559 -0.0519031 -0.270625 1.013 0.217106 -0.12763 -0.0725009 0.905666 4.22935 0.152832 -0.197378 -0.679983 3.44503 -0.547869 -0.113852 -0.084848 -0.738073 0.207859 0.0628947 -0.717847 2.39324 0.244897 -0.667425 -0.500952 0.176591 -0.421307 -2.61683 0.0169604 -0.542536 1.12783 0.525103 -0.382181 0.0792535 -0.224158 -1.1957 -0.535128 -0.528661 5.24099 -0.400848 -0.606654 -0.198639 -0.265006 5.80595 4.52911 -0.375336 0.280101 -0.377646 0.119276 -0.00976996 -0.466565 -0.106422 0.269447 0.356221 0.106313 -0.688465 -0.0704405 -0.0978952 
0.222662 0.0577671 9.99163 1.01515 -0.446073 -0.638038 -0.290017 -0.443792 0.00849872 -0.170674 0.739215 0.0230947 0.151402 0.0160882 1.41659 4.54304 -0.242254 -0.979025 -0.175073 4.10521 -0.154875 0.00317292 0.742887 -0.286266 -0.0660459 -1.74511 -0.00999492 3.04028 -0.672443 0.235521 -0.104035 0.400882 -0.165258 -2.94727 0.08008 -0.439781 -0.730807 -0.319009 0.0662597 0.0227854 -0.261183 -1.05211 0.202798 -0.162755 5.36935 0.0574343 0.0958152 0.558765 -0.58252 5.58926 4.60684 -0.366032 0.529667 -0.791776 0.400679 -1.44098 0.0556722 -0.0927368 0.861726 0.0962052 0.0844164 -0.132818 0.370014 -0.196394 
-0.346963 -0.0768698 9.98685 0.61771 -0.17032 -2.16177 -2.14446 -1.18841 0.376568 -0.940326 1.11881 -0.402638 -0.488727 0.0202884 1.10285 4.39242 0.319189 -0.990352 -0.70583 4.3593 -0.594033 -0.707736 -0.227341 -0.38616 -0.664943 -2.53209 -0.978813 2.43309 -0.496028 -0.894146 0.11476 -0.356126 0.263237 -3.59361 0.344845 -0.405477 -1.8063 0.016816 -1.01144 0.00689546 -0.862748 -0.73934 0.0568693 -0.562927 5.85115 -1.20319 -0.265125 -0.358825 -1.07489 5.65845 4.82666 -0.65831 0.938999 -0.39188 -0.180231 -0.937813 -0.223301 -1.0147 0.555911 0.205302 -0.431308 -1.39688 -0.19221 0.149749 
-0.801539 -0.119335 9.97796 1.47875 -0.149372 -0.597719 -0.758247 -0.600669 0.369193 -0.972616 2.02994 -0.247887 -0.929941 0.198293 1.72565 6.4493 -0.201368 -0.856773 -0.15876 6.22803 -0.474243 -0.146614 -0.649865 0.493115 -0.140802 -1.13172 0.0836764 3.87442 -0.444893 -0.336585 -0.164771 0.183525 -1.18839 -3.82831 0.00590789 -0.460406 0.029354 0.0611628 -0.200841 0.240808 -0.549595 -0.736679 -0.429386 -0.0777323 8.32395 -0.473579 -0.0994894 -0.0954272 -0.850249 8.50784 7.04333 0.145133 1.55899 0.141574 -0.424834 -0.534961 -0.332402 -0.429918 1.82716 0.475382 -0.232813 -0.543965 -0.488917 -0.374847 
3.03885 0.713011 -0.883807 2.77824 2.82779 1.66615 2.14989 2.34874 0.386559 2.78318 3.25773 0.762336 2.61062 0.798411 3.04717 -2.46492 0.455216 1.56107 3.03233 3.55203 1.80044 1.098 0.911468 3.34676 3.10187 1.86708 2.88808 4.04059 1.74247 3.17199 2.76821 0.394262 1.31132 1.02747 0.370723 2.96537 1.2709 0.419719 2.91878 0.538204 3.53336 3.44172 3.16078 2.80895 -1.85636 2.68211 0.770898 2.22767 2.25968 -1.89192 -2.17041 2.89369 3.35456 3.24449 0.526417 1.12229 2.76424 2.14859 3.14208 0.923289 1.16263 2.92491 2.841 1.1137 
1.7043 0.717775 0.53253 3.1096 2.21824 0.796951 1.46585 1.30916 1.06303 1.60253 2.45209 0.179696 1.82791 1.00112 2.37625 -0.997456 0.628557 1.57927 2.10448 2.64876 1.60819 1.0319 0.433763 2.63157 1.76437 1.20107 2.2786 3.14692 0.945186 1.78719 2.39834 0.81539 1.30344 -0.0435496 0.0929793 1.97591 0.64093 0.558381 1.89487 0.626995 1.94474 2.40925 2.20832 1.84751 -0.610714 1.48682 0.621961 1.46385 1.64558 -0.862006 -0.686038 2.35176 2.60422 2.54338 0.692602 0.930407 2.46666 1.44689 2.31748 0.350334 0.666261 1.9877 2.12524 0.29692 
2.33223 0.810726 -0.0633401 3.23974 3.41228 1.24167 1.97057 2.36361 0.461397 2.08424 3.29398 0.54238 2.14872 0.46358 2.78354 -1.63419 0.0863164 0.395514 3.42296 0.97237 2.43251 0.0727696 0.278961 3.23638 3.39581 0.752936 3.47774 1.40017 0.596894 2.3229 3.45586 0.287108 0.931135 0.834715 0.171716 3.12019 0.38809 0.122437 2.1627 0.601359 2.84908 2.70835 2.14657 3.58157 -1.48274 2.16176 0.247581 0.140392 2.72724 -1.90313 -1.37111 2.5607 2.52742 3.55279 -0.402375 0.628142 3.37888 2.44295 3.73213 0.224724 0.290686 1.10906 1.68554 -0.0274677 
2.37791 0.593763 0.962897 2.21403 2.13026 1.30686 1.78401 1.89543 0.411777 1.80955 1.78252 0.448219 2.4211 0.200011 2.83049 -1.05837 0.329317 1.52651 3.35894 2.03066 2.01154 1.70239 0.6858 1.56131 2.18111 0.751168 3.22631 1.96386 -0.0607153 2.20937 2.56158 0.627486 0.626103 0.790397 0.399202 2.14459 0.601362 0.420667 2.00005 0.599424 2.30678 2.08672 2.58837 2.92431 -0.310687 2.39854 0.974551 0.0447506 2.24178 -0.26313 -0.762143 2.3556 2.61576 2.48358 -0.321767 0.599268 2.62092 2.18927 1.99538 0.318677 1.0182 1.62218 2.63938 0.256738 
2.08454 0.755231 1.75528 1.57605 2.05823 1.69773 1.88906 1.5464 0.695763 2.45191 1.59804 0.531852 2.04401 0.450827 2.2969 0.0405867 0.185317 1.58226 2.09839 1.4475 1.2594 1.22436 0.455248 1.79729 2.40224 0.814662 1.92007 2.51215 3.46746 2.18619 1.89037 0.26297 0.412119 0.222101 -0.0116363 1.74035 0.517618 0.499671 1.87593 0.522779 1.81193 1.37957 1.76497 1.55906 0.265462 1.73074 0.149562 1.79857 1.28595 0.68524 0.471054 1.13621 1.73983 1.57347 -0.00409329 0.659203 1.76454 1.458 1.98789 1.41212 0.0964783 1.79255 2.38706 0.384741 
2.11167 0.370958 1.84559 2.1874 2.37795 1.36774 2.09943 1.5847 0.388848 2.09762 1.94048 0.449097 2.3333 0.321515 2.22404 -0.134168 0.288027 1.78588 2.4406 1.40537 1.58043 0.337543 0.737572 2.34096 2.08561 1.10684 1.98128 2.61013 0.629037 2.00167 2.66723 0.190392 2.62929 0.409838 0.587427 2.61235 0.677906 0.67581 1.60105 0.611515 1.96117 1.67899 2.60592 2.25208 -0.196814 1.64361 0.0884685 1.94167 2.47547 0.225328 -0.0812452 2.96028 2.42586 2.81173 -0.238415 0.397291 1.66791 1.83705 2.3674 -0.0818682 0.280477 2.95612 2.14226 0.779777 
2.8422 0.868968 1.9067 2.64467 1.60284 1.51329 1.96857 2.58171 0.604451 2.26981 1.9416 0.429727 2.39237 0.295574 2.90342 -0.718187 0.245011 1.53905 2.58983 1.55479 2.47512 1.26765 0.949541 1.72739 2.0644 1.10722 2.87377 1.32069 0.653697 2.31546 2.70224 0.43064 0.659533 0.718687 0.628214 2.88424 0.59566 0.329806 2.40841 0.653161 2.6669 3.58626 2.75098 2.28149 -0.246993 2.09055 0.91781 0.0678043 2.76309 -0.278385 -0.993537 2.31279 2.99128 2.23027 0.103059 0.441185 2.68514 2.14608 1.91564 0.304458 0.942306 2.78981 2.31746 0.485293 
2.66108 0.0863769 -0.385186 2.57056 2.3016 1.28831 1.92322 2.33308 -0.0677512 2.27987 2.29572 0.468571 2.02217 0.0502306 3.23758 -1.61 0.194909 1.23688 2.89924 1.13192 2.49102 0.381302 0.528654 2.36615 1.96091 0.438554 3.90476 2.2446 0.390145 2.62216 1.97399 0.296828 0.275547 1.10509 0.161707 2.56416 0.59751 0.230183 2.54673 -0.0429265 3.44406 3.13532 2.30162 3.83271 -1.9299 2.67672 0.228468 0.325552 2.52505 -1.73829 -1.55257 2.30917 3.79858 3.55717 -0.512402 0.549951 2.79065 2.16236 3.06588 0.367269 0.471454 2.88051 2.11856 -0.0801848 
1.53959 0.3889 2.27412 2.78852 2.43599 1.29884 1.96501 1.83882 -0.171345 2.27129 2.50734 0.463003 2.36991 0.452479 2.62265 0.636755 0.0124172 -0.198446 1.76628 1.58181 2.45672 1.39758 0.548163 2.6805 2.10886 1.14433 2.40476 2.72857 0.77956 2.45564 1.874 0.422454 -0.0850494 0.564412 0.210584 2.28536 0.518046 0.378586 2.70133 0.373926 2.21936 2.21031 1.83871 1.94549 0.606286 2.23362 -0.0663452 3.15386 2.15534 0.521254 0.762912 2.6907 2.18438 3.20829 0.116279 0.401206 1.42517 2.40308 2.4705 0.538829 0.626281 1.74865 2.05567 0.339694 
0.49347 -0.395828 4.24768 0.0801399 -0.771887 0.184351 0.113079 0.442172 -0.129694 0.419947 0.33515 -0.475971 -0.0791907 -0.0905827 -0.0956153 2.18943 -0.730529 0.32546 0.206494 0.668295 -0.22432 -0.0959558 0.600696 -0.811084 -0.315278 -0.189777 -0.695828 -0.260385 -0.732264 -0.291464 0.219106 -0.088028 -0.0187164 -0.632585 -0.156168 0.257701 0.440742 0.113215 -0.199075 -0.0209889 0.112027 0.0283813 0.0427166 -0.424075 2.36811 -0.0741654 0.396627 0.524312 -0.188497 2.39064 2.15605 0.399389 0.038099 -0.153658 -0.070825 -1.4204 0.0398119 0.104291 -0.526881 0.0318317 0.111215 0.689232 0.653732 -0.072145 
-0.593071 -0.199917 9.98453 0.429131 -0.0953141 -0.81416 -0.35159 -1.51269 0.338148 -0.725408 0.84364 -0.642163 -0.645853 0.27699 0.841695 4.59109 0.0031969 -0.393398 -0.83789 3.95806 -0.678633 -0.242585 0.0758642 -0.492821 -0.787571 -0.702298 -0.488309 2.33201 -0.510662 -0.644061 -0.140194 0.166628 -0.391556 -2.60384 -0.197082 -0.843208 -0.290127 -0.331609 -0.884828 -0.287931 -0.500731 -0.6182 -0.536759 -0.963112 5.99656 -0.39626 0.23086 -0.218797 -1.22301 5.83976 5.09765 -0.486761 0.188687 -0.718826 0.267573 -0.461885 -0.210968 -0.775786 0.0657731 0.0622483 -0.420171 -0.818702 -0.698532 0.36483 
0.924948 0.273183 9.98744 2.21875 1.22851 0.487543 0.631749 0.295289 -0.0402114 1.3324 2.35392 0.18429 1.36182 -0.102238 2.44487 4.03829 0.185944 0.298972 1.42978 4.05122 0.319554 0.417583 0.184369 0.945122 0.958711 -0.150821 1.44493 3.47877 0.368265 1.20535 1.7504 0.0577393 0.64408 -2.74203 0.216978 1.86826 -0.464172 -0.644199 0.529612 0.047314 1.75364 1.31806 1.77244 1.71833 5.0134 1.11148 0.2685 0.484182 0.424706 5.11386 4.5092 1.41787 1.78831 1.69738 0.455566 0.166251 0.990917 1.04359 1.43464 -0.0157168 -0.177518 1.23351 0.771107 0.349186 
-0.473625 0.0746799 0.326566 -0.155129 0.341016 -0.233397 -0.355001 0.0976283 0.0902977 0.118493 0.523751 -0.0699765 0.49998 0.058603 0.203268 0.130321 0.219379 -0.303547 0.709706 0.0766231 -0.264249 0.337554 0.206213 -0.38196 -0.0933805 0.276848 0.22818 0.0354526 -0.207791 -0.381628 -0.25754 0.150871 0.0467967 0.0543035 0.172306 -0.0532886 -0.0300843 0.260378 -0.682317 0.337364 -0.0209804 0.142109 0.023859 0.160873 -0.240626 0.152797 -0.0598334 -0.168899 0.498861 -0.173501 -0.184235 0.340114 -0.167231 0.150188 -0.384399 0.242957 0.305523 0.147756 -0.451153 0.0846159 -0.205148 -0.385376 -0.38481 0.0575443 
0.529152 -0.0854796 -0.10799 -0.130784 -0.267644 0.35073 -0.0848494 -0.296948 0.0241659 0.0660078 -0.100454 0.20226 -0.180429 -0.553365 -0.198114 0.159823 0.293542 0.124936 -0.0920515 -0.306022 0.467026 0.268831 0.44743 0.275887 0.108195 -0.292419 0.521769 -0.167658 0.18501 0.16263 -0.166756 0.0107275 -0.182898 0.212624 0.232481 -0.390304 -0.302653 0.388054 0.274528 0.0833253 0.2621 0.127461 0.0406711 0.0243842 0.196934 0.0583627 -0.0925336 0.0935312 0.22973 -0.265719 0.0460618 -0.130671 0.142566 0.502902 -0.21118 -0.0498423 -0.197477 0.0221708 -0.000228049 0.116579 0.233778 0.507788 0.0917271 0.235526 
0.234001 0.161894 0.0128361 -0.0507467 0.184619 0.427099 0.15833 -0.232878 0.10267 0.329369 -0.165067 0.0588364 -0.438492 -0.122411 0.169609 -0.183314 0.149629 -0.377779 0.019252 0.0722195 0.212723 0.242956 -0.0937046 -0.00765927 -0.239041 -0.524483 0.166847 -0.0222292 -0.281494 -0.197258 -0.57109 -0.296748 0.120259 0.293504 -0.17241 -0.0447208 -0.184127 0.13937 0.0283061 0.377389 -0.0100092 -0.123161 0.132251 0.0501115 -0.121811 -0.22149 -0.226005 0.13517 0.204027 -0.170186 -0.130144 1.02983 -0.359284 -0.338805 0.0185646 0.286389 0.0734024 0.108569 -0.298102 -0.0191849 0.10591 -0.357812 0.119642 -0.12954 
-0.202551 0.227022 0.00901559 0.056951 -0.18713 -0.372202 0.244617 -0.400158 0.183268 0.724292 -0.630452 0.376252 0.0248545 -0.150473 -0.262006 0.14477 0.25702 0.238705 0.0348087 -0.204693 0.286771 0.0755537 -0.287619 0.123736 -0.432156 -0.460257 -0.205629 0.0151793 0.458748 -0.181447 0.101729 0.543355 -0.127194 0.432413 0.249695 0.0152828 -0.0120648 0.156072 0.096308 -0.0460461 0.0871422 0.13033 0.0964112 0.164113 0.389491 0.471955 -0.306564 -0.0400058 -0.121415 -0.0145285 0.22572 0.594535 0.166705 0.2282 0.0377505 -0.860355 0.0467204 -0.0794349 0.265452 0.121988 -0.0524655 0.0442505 -0.212032 -0.292816 
-1.45504 -1.28857 9.91463 0.199839 -1.68625 -0.69443 -1.59695 -1.7598 -0.683372 -1.79342 -0.295297 -0.771659 -2.06081 -1.78226 2.13377 9.75734 -1.41897 -1.48494 2.14211 -0.0215627 -1.99184 -1.61316 -0.484369 -1.57067 -1.60559 -0.470667 2.69116 0.0208951 -0.523764 -1.81392 0.0347201 -1.44532 -1.07679 -6.52782 -1.55118 0.935242 -0.347657 -0.837916 -1.98168 -1.60418 -0.45446 -0.0388859 -0.331941 2.2574 9.7663 -2.16493 -0.805264 -1.31249 -1.76821 9.77244 9.76073 0.341531 1.48896 1.21857 -2.04097 -0.338731 -1.44179 -2.26703 -0.281222 -1.53177 -0.566713 -0.0398575 -1.77162 -1.44261 
-4.66929 
-9.97147 
0.397172 
-1.50964 
-1.86807 
-9.97541 
-9.96589 
-2.21459 
-9.97703 
-9.94319 
-1.50597 
-9.97833 
-9.96641 
-9.8601 
-2.01527 
0.916604 
-9.94501 
-9.97927 
-1.31629 
-9.94074 
-3.48942 
-9.96109 
-9.98713 
-1.90437 
-4.75215 
-9.9071 
-1.62364 
-2.39422 
-9.97078 
-2.12616 
-1.22717 
-9.95072 
-9.96943 
-0.894313 
-9.95497 
-1.13824 
-9.99035 
-9.98305 
-7.22494 
-9.93789 
-1.58122 
-1.76163 
-1.29602 
-1.29719 
0.802064 
-9.94929 
-9.96972 
-9.94598 
-3.13628 
0.770717 
0.863887 
-1.29451 
-2.13501 
-1.58958 
-9.87463 
-9.98244 
-2.39546 
-9.59367 
-1.41055 
-9.92787 
-9.98397 
-1.18548 
-5.73776 
-9.95618 
9.75285 

# Training State Metadata
FILENAME tetris_model_best_20260905_215124_score25300.txt
EPSILON 0.363297
EPSILON_MIN 0.05
EPSILON_DECAY 0.995
LEARNING_RATE 0.0015
GAMMA 0.99
TRAINING_EPISODES 13382
TOTAL_GAMES 203
BEST_SCORE 25300
AVERAGE_SCORE 4308
PREVIOUS_AVG_SCORE 4308
