# Neural Network Model File
# Saved: 2026-09-06 16:03:00
# Filename: tetris_model_best_20260906_160300_score1111100.txt
#
-1.72336 0.194776 9.98792 0.741113 0.611946 -1.78608 -1.14826 -2.01642 -1.15168 -0.350134 1.42597 0.242488 -1.28302 0.0500213 9.97728 9.92577 0.286981 -1.05398 -1.31579 6.71752 -0.950199 -0.884155 -2.18941 0.0605318 -1.05994 -0.904345 -0.996867 3.66542 -1.11577 0.153877 -0.937268 -0.111656 0.072448 -4.73542 0.112747 -1.31519 -0.123381 0.34215 -1.27498 0.422627 -1.31201 -0.967944 -1.63621 -1.68102 9.94227 -1.32621 -0.58505 -1.60848 -0.930793 9.94546 9.93453 -1.37171 1.11927 -0.920841 1.59203 0.544641 -0.932849 -1.34323 -0.672526 -0.311273 -0.714057 -0.623219 -0.433303 0.0753168 
-1.24917 -0.428559 9.988 -0.119678 -0.0686518 -0.353009 -1.76342 -1.62506 -0.995785 1.98951 0.768992 0.0181478 -0.180907 -0.360073 9.97697 9.87164 -0.105152 -1.63474 -0.339108 6.32044 -0.729527 0.0527118 -1.7716 0.220322 -0.441417 0.431654 -1.03901 3.69901 -1.23209 0.608255 -1.41758 -0.234019 0.395391 -4.08185 -0.173706 -0.746527 0.031878 -0.86333 -0.0132104 -0.332991 -0.549759 -1.72642 -0.409954 -1.064 9.88687 -0.332485 0.41497 0.482926 -0.483576 9.89117 9.87904 0.409372 0.821832 -0.669066 1.30421 0.533867 -0.0898797 -1.5626 0.185276 -0.624096 0.18489 0.380846 2.11309 0.114111 
0.327229 -0.200273 9.98931 -0.0303234 -0.27079 0.514147 0.265527 -0.509992 -0.721718 3.16304 0.343417 -0.543664 0.051446 -0.284771 9.97852 9.68586 -0.24432 -0.0382465 -0.883738 4.43521 -0.258626 -0.148468 -1.59393 -0.380695 0.0110181 1.98789 -1.37425 2.36995 -0.310887 0.881143 -2.40704 -0.423117 -1.10336 -3.10937 -0.0229308 -0.428125 -0.855038 -0.711843 0.563234 -0.220876 1.03303 1.65849 -0.147397 -0.438195 9.83041 0.0992442 -0.97313 0.13214 -0.669262 9.84191 9.74511 -0.531231 0.331467 -0.909839 0.770328 -1.28177 0.199723 0.274089 -0.46605 -0.78747 -1.85284 0.641108 -0.265378 -0.625615 
1.073 -0.138432 9.98888 0.691831 -0.662781 0.334524 1.40784 -0.670428 -0.207372 1.78991 1.05698 -0.13544 -1.16569 -0.00782837 9.95271 9.72723 -0.102679 0.0878181 -0.759714 4.88395 -0.677574 -0.535206 -0.49837 -0.539817 -1.51227 1.87473 -0.757549 2.56528 -0.633399 -1.19456 -1.3455 -0.408585 -0.0993328 -3.31676 -0.273338 -1.09018 -0.0692771 -0.661853 -0.318472 -0.147753 -0.517163 1.21571 -1.03177 -1.07921 9.79854 -0.744614 -0.112486 -0.176478 -0.799381 9.80348 9.78152 -0.012025 0.608784 -1.24486 1.19357 -0.752839 -0.447151 -0.23697 -0.809789 -0.926279 -1.31481 -0.702831 -0.00797849 -0.272074 
1.38429 -0.0634134 9.99057 -0.524731 -1.42219 -0.94564 0.634949 -1.14191 -0.827722 1.04223 -0.513427 0.448644 -0.0852693 -0.0212943 9.98038 9.90051 -0.0456833 0.257794 -0.747128 4.94938 -0.989674 0.334175 -0.387047 -0.573272 -1.59611 1.31305 0.252397 1.91182 0.407842 -1.11265 -0.0822135 0.516909 0.210015 -3.71017 -0.142833 -0.872117 0.0174772 0.135932 -0.439715 -0.197176 0.00414609 1.8469 -0.372652 -0.589921 9.90596 -0.62923 -0.580416 -0.622371 -1.14778 9.90694 9.90414 -0.212002 0.325451 -0.598743 0.127596 -0.0252409 -0.447884 -0.639356 -0.689703 -0.553465 -1.27059 -0.655868 -0.764743 0.00912523 
0.864735 -0.262715 9.98878 0.983743 -1.28935 0.0541683 0.320066 -0.982074 -0.0954119 -1.73104 0.793467 -0.423584 -0.612723 -0.191018 9.97779 9.868 -0.160097 0.268756 -0.532425 5.44229 -0.639766 -0.267671 0.140696 -0.639883 -1.26191 0.869973 -0.571872 2.67604 -0.458674 -1.27923 -0.614269 -0.448557 -0.455839 -3.06137 -0.30547 -0.457567 -0.126017 0.257881 -0.604667 -0.141754 -0.673287 1.41087 -0.493071 -0.39089 9.87406 0.145745 0.366815 -0.213639 -0.716406 9.87632 9.87194 -0.00237871 1.32812 -0.678807 0.82114 0.0697504 -0.919037 -0.169082 -0.647992 -0.108293 -0.158745 -1.14968 -0.182839 -0.00330521 
0.581223 -0.303015 9.98967 0.543731 -1.08477 -0.0814325 -0.155363 -0.655503 -0.93635 -0.848452 0.671473 -0.439629 -0.253672 -0.0601747 9.97948 9.88152 -0.262538 0.941139 -1.04938 4.95701 -0.855696 -0.415231 1.14842 -0.528539 -0.317063 0.848953 -0.536859 1.25993 -0.188558 -0.781725 -0.636292 -0.400042 -0.420525 -3.45114 -0.208139 -0.849528 0.0919087 -0.0738924 -0.23992 -0.340552 0.12121 0.544961 -0.794248 -0.901865 9.91008 -0.109521 -0.430753 -0.778244 -1.23605 9.91355 9.90562 0.122334 0.194046 -0.916241 0.338152 -0.122948 -0.35424 -0.427895 -0.433292 -0.775596 0.402008 -1.11196 -0.40451 -0.397305 
-0.348813 -0.179055 9.99164 2.10855 -0.567714 0.160461 -0.20016 -0.154047 -0.246947 -2.89788 1.72557 0.0495407 -0.211057 -0.343299 9.98262 9.90633 -0.0790996 -0.177168 -0.944167 4.61457 -0.463501 -0.253084 1.33118 -1.0017 0.0490859 -0.864067 -0.818327 2.32028 -0.215178 -1.02605 -1.67292 -0.0754349 -0.92079 -3.30385 -0.202993 -0.22902 2.1045 0.23925 -0.401656 -0.161335 -0.080153 -0.122895 -0.906419 -0.437668 9.91671 -0.401493 -0.661098 0.171493 -0.485562 9.92045 9.91099 -0.631791 1.41687 -0.121758 1.20505 -0.107127 -0.405355 -0.0998344 -0.19542 0.121891 0.389592 -1.01401 -0.201 -0.301489 
0.918323 -0.221808 9.99256 1.0565 -0.968291 -0.641822 -0.427571 -0.268019 -0.206528 -0.753668 0.787125 -0.185732 0.137906 -0.279886 9.9741 9.79299 -0.51094 -1.00082 -0.286431 4.90921 -0.0776508 -0.113793 2.8038 -0.132932 -0.104413 -2.53402 -0.262379 2.40839 -0.994835 0.449282 0.756771 0.0926096 -0.458946 -3.74519 -0.223176 -0.307362 -0.565374 -0.565683 -0.0149132 -0.259348 -0.817714 -1.51354 0.673399 -0.102885 9.80815 0.112588 -0.0617159 -0.597382 -0.45258 9.81333 9.80004 -0.718108 0.773638 -1.11795 1.66281 -1.66534 -0.188467 -0.0318622 -0.280364 -0.00662926 0.3554 -0.125552 1.69258 -0.431671 
-1.43393 -0.198527 9.99424 0.0700316 0.518392 -2.0436 -2.33273 -1.00324 0.413241 -1.474 1.01969 -0.465187 -0.486779 -0.123437 9.98564 9.78886 0.155257 -0.927337 -1.02682 5.72274 -0.612939 -0.6856 0.112885 -0.185453 -0.992326 -2.3916 -1.49482 2.14355 -0.453812 -1.03275 0.588137 -0.479935 0.0457357 -4.43218 0.167553 -0.632803 -2.21159 -0.119045 -0.876099 -0.129464 -0.961939 -0.415239 -0.34478 -0.882957 9.83092 -1.0254 -0.298111 -0.775999 -1.03056 9.83895 9.81694 -0.492034 0.234937 -0.664538 0.708295 -0.729706 -0.441503 -0.841279 -0.550007 0.124397 -0.00731457 -1.40473 -0.862749 0.0173547 
0.315019 -0.0429425 9.99491 4.15004 -0.737255 -0.347816 -0.360409 -0.10247 0.265031 -0.377138 4.5884 -0.168998 -0.7472 0.291508 9.98656 9.92404 -0.133113 -0.711289 -0.732161 8.1904 -0.240501 -0.0159752 0.0273148 1.12167 -0.319582 -0.73519 -0.617603 5.17302 -0.154718 -0.412729 -1.36518 0.259299 -1.06807 -4.60113 0.0972105 -0.907463 0.396884 0.12726 -0.0344867 0.32112 -0.655464 -0.882343 -0.823837 -1.13155 9.94477 -0.328058 -0.1533 0.332302 -0.620726 9.95121 9.93312 -0.15 4.18626 -0.448472 1.88361 -0.667473 -0.590539 -0.09544 1.1094 0.705622 -0.606801 -0.724528 0.745139 -0.280695 
6.69675 2.09557 -2.64652 8.80068 5.14767 3.20355 3.81306 3.81838 1.81711 5.63296 9.21546 2.15822 4.20553 2.17399 6.42803 -8.09292 1.83524 3.00009 5.21291 9.99369 3.2818 2.5155 3.49809 4.88535 4.66252 4.3219 6.6149 9.99299 3.43524 4.96784 6.63432 1.76888 2.93618 2.35431 1.75838 5.09989 3.04114 1.80927 4.40585 1.91831 6.44177 7.21929 5.59354 5.63621 -6.98778 4.17313 2.23359 4.24735 3.79125 -6.86671 -7.58029 5.08779 9.72489 5.46644 4.3543 2.7672 4.41783 3.61358 5.39159 2.37531 2.78426 4.70635 6.46564 2.49708 
2.60824 0.923873 5.75311 5.71605 2.21566 0.932666 1.7733 1.57532 1.21244 1.83133 4.96634 0.402927 2.06356 1.23728 8.036 0.0859985 0.867517 1.78927 2.34443 4.12698 1.79244 1.23313 0.940389 2.91792 1.74307 1.31998 2.9327 4.55561 1.24852 1.55092 2.45992 1.01955 1.70277 0.0591018 0.318465 2.08327 0.952179 0.762926 2.06955 0.843232 1.93432 2.93865 2.47025 2.03386 1.13848 1.64877 0.799725 1.92821 1.6508 1.08749 0.692688 2.60062 4.92459 2.78101 2.10754 1.07288 2.65679 1.66816 2.77821 0.621807 0.678058 1.82515 3.03048 0.50456 
0.312293 0.311011 9.98691 -0.723231 2.11928 1.29743 1.57396 2.22519 0.954683 0.6469 -0.228395 0.00796615 1.86875 0.0374258 8.63357 5.5143 -0.298457 0.0529649 1.99867 -0.672888 2.26755 -0.269955 -0.490705 2.61731 2.14886 0.587783 1.65075 0.182856 0.381462 1.45103 1.32349 -0.0917073 0.528291 0.0939838 -0.177116 1.67389 0.137643 -0.220106 1.69988 0.13261 2.77092 2.25979 1.05165 1.9111 6.76966 1.75635 -0.0951068 -0.208501 1.92199 6.68283 6.24842 1.38382 -0.347521 1.99031 -1.29445 0.283467 2.24594 2.33751 2.37193 -0.141969 -0.0824173 0.655627 0.150034 -0.370232 
1.93465 0.0838024 9.99559 -0.0833804 1.50869 0.840921 1.65132 1.44148 -0.334557 2.36462 -0.355971 -0.0977906 1.61327 -0.284741 8.05433 8.4229 -0.318655 0.931583 1.94852 -0.222621 1.55786 0.967896 0.263456 1.09389 1.66461 0.538376 1.53868 -0.346902 -0.511379 2.17278 3.16113 -0.0865517 0.176444 -0.188606 -0.158744 1.44933 -0.217915 -0.0918433 1.54795 0.0174358 1.23726 1.46528 1.74323 1.93254 9.97657 2.0006 0.174303 -0.405503 2.00736 9.97793 9.68645 1.46856 -0.13524 1.74961 -1.04467 -0.386551 2.06814 1.65951 1.06246 -0.125577 1.4717 1.17177 1.93803 -0.247238 
1.65083 0.177059 9.94923 -0.204908 2.27919 0.998904 1.26669 1.0924 -0.0629209 1.53709 -0.711589 0.00827719 1.53168 -0.119902 5.0359 6.07561 -0.324079 0.920181 1.8044 -0.71889 0.80314 0.70895 0.490095 1.35967 2.00513 0.778836 2.00689 0.647894 1.88087 2.01692 2.10051 -0.204405 -0.0311874 -0.3875 -0.460932 1.82118 0.197605 -0.0239831 1.36457 0.0254015 1.1126 1.71878 2.00312 1.40959 7.16861 1.11599 -0.332261 1.80829 0.829607 7.8535 6.90038 0.579485 -0.10655 0.735036 -1.88434 0.198276 1.56661 1.01455 1.21466 0.753831 -0.437703 2.9328 1.83019 -0.124566 
1.86295 -0.0530764 9.99957 0.0211046 1.82875 0.73672 1.55558 1.16693 -0.232126 1.93357 -0.079146 -0.0769203 1.88956 -0.171777 9.99948 8.04724 -0.235478 0.99788 1.66548 -0.514497 1.16585 -0.0802355 0.0995913 1.78976 1.98621 0.633429 2.23878 0.151924 0.338085 1.8464 1.91067 -0.233501 1.51522 -0.281602 -0.00828403 1.66509 0.0265527 0.0197122 1.14747 0.0795649 0.896451 1.76198 1.87637 1.52151 9.95618 1.22531 -0.359491 1.20399 1.82466 10 8.94946 3.02191 -0.342286 2.15585 -2.1478 0.236636 1.19959 1.41247 1.77853 -0.499995 -0.337508 1.91227 1.84809 0.0280217 
1.96465 0.285085 9.99117 0.109605 1.46177 0.939224 1.56219 1.88576 0.207062 1.9135 -0.0436499 0.0138116 2.05589 -0.142623 9.98689 9.95118 -0.206967 1.27489 1.74919 -0.307637 1.89596 0.881839 0.351461 1.32219 1.58155 0.482855 1.65702 -0.833717 0.19568 2.63637 2.82524 0.0146322 0.279525 -0.0993773 0.0322711 1.66882 0.160206 -0.0800997 1.79013 0.15922 1.83188 1.36195 1.96322 1.47431 9.96007 1.66306 0.275479 -0.30633 2.11474 9.96258 9.95446 1.65782 -0.135977 1.62436 -1.72648 0.166316 1.86998 1.72988 1.30023 -0.0755313 0.524453 1.41493 2.2192 0.0453945 
1.49516 -0.336156 9.98292 -0.663604 1.426 0.739278 1.59504 1.72503 -0.526221 1.7464 -1.07336 0.039974 1.67857 -0.382792 8.96834 4.79533 -0.245552 0.773496 1.29175 -0.892532 1.99952 -0.0410732 0.315741 1.9659 1.62 -0.13632 1.41956 0.205119 -0.0531397 1.3169 1.98647 -0.137655 -0.14703 0.363789 -0.266715 1.42914 0.653672 -0.204458 2.26641 -0.465349 2.6656 1.68247 1.54999 1.76881 5.93873 1.94501 -0.179263 -0.11485 2.24205 6.56806 5.51532 1.54866 0.209876 2.17043 -1.42908 -0.0239413 2.30132 1.71627 2.07529 -0.0671472 0.292159 1.83982 1.88851 -0.502627 
1.53902 0.0310725 9.98252 0.139676 2.65345 0.764041 1.6522 1.44954 -0.553218 1.88713 -0.644407 0.0331055 1.77858 -0.0446287 6.2485 8.268 -0.345454 -0.556249 1.18549 -0.219241 2.03902 0.890385 0.281121 1.84535 1.93323 0.296968 1.60709 -0.255632 0.287971 1.81719 1.58438 -0.0853553 -0.442928 -0.274975 -0.171236 1.93385 0.0244335 -0.0213554 1.86275 -0.00793218 3.20912 1.55926 0.845758 1.57422 9.73616 1.82068 -0.436138 1.86136 2.13461 9.97038 9.05466 1.738 -0.733144 2.57714 -1.76346 0.444115 1.04163 1.67895 1.3243 0.0731068 0.0532569 1.09352 1.85038 -0.0602521 
3.60806 -0.697682 9.9954 2.27558 -3.21642 -0.102728 0.212134 0.249151 -0.91475 1.93088 1.80149 -0.743659 -0.176551 -0.399978 4.23924 5.97977 -0.95943 0.130924 -0.0758493 -0.154714 -0.501952 -0.362868 2.72444 -1.23325 -0.92721 -0.194013 -1.1331 -1.06779 -1.05693 -1.41604 0.100824 -0.436352 -0.185 -1.03461 -0.44272 -0.168319 0.714763 -0.185448 -0.455651 -0.336004 -1.82908 -1.07779 0.729585 -1.00929 6.96596 -0.255903 0.224278 0.29853 -0.80111 7.23579 6.30362 -0.0792703 1.19355 -0.698258 1.12154 -2.35948 -0.40259 -0.159831 -1.39645 -0.313894 -0.23544 -0.0570308 4.66952 -0.422016 
-0.138528 -0.402963 9.99061 0.286533 -0.0492574 -0.743166 -0.243727 -1.35105 0.0156436 -0.324289 0.911158 -0.828576 -0.709039 0.0318263 9.98047 9.85757 -0.227062 -0.41286 -1.02701 5.0355 -0.592585 -0.36007 0.121995 -0.201866 -0.854393 -0.285065 -0.595054 2.15307 -0.853832 -0.523775 -0.403909 -0.0479722 -0.69617 -3.37636 -0.407463 -0.885535 -0.226256 -0.532351 -0.861329 -0.503979 -0.413311 0.230606 -0.673879 -1.17093 9.87221 -0.393616 0.0974357 -0.401008 -1.21585 9.87685 9.86472 -0.252753 0.414039 -0.841887 1.06597 -0.643826 -0.302694 -0.671924 -0.757602 -0.243708 -0.727085 -0.800403 -0.306213 0.169865 
0.489784 -0.260856 9.9992 1.89869 -1.34854 -0.0548402 0.194496 0.0332925 -0.960142 0.252008 1.27801 -0.350981 0.840424 -0.529725 9.9989 9.99576 -0.240478 -0.267996 0.442249 3.15643 -0.180293 -0.138629 0.452678 0.710755 -0.0491364 -1.57596 -0.474281 1.65157 0.0798393 0.200557 0.883606 -0.470065 0.535273 -3.72135 -0.242242 0.641838 -1.10325 -1.1982 -0.131921 -0.453136 0.399444 -1.68302 0.79858 -0.0297703 9.99764 0.469721 -0.488785 -0.404158 -0.0134205 9.9983 9.99666 0.388194 0.46173 0.472783 -0.561174 -0.894884 -0.0440553 0.574818 0.114065 -0.400222 -0.903797 0.251387 0.542032 -0.192282 
-0.473625 0.0746799 0.326566 -0.155129 0.341016 -0.233397 -0.355001 0.0976283 0.0902977 0.118493 0.523751 -0.0699765 0.49998 0.058603 0.203268 0.130321 0.219379 -0.303547 0.709706 0.0766231 -0.264249 0.337554 0.206213 -0.38196 -0.0933805 0.276848 0.22818 0.0354526 -0.207791 -0.381628 -0.25754 0.150871 0.0467967 0.0543035 0.172306 -0.0532886 -0.0300843 0.260378 -0.682317 0.337364 -0.0209804 0.142109 0.023859 0.160873 -0.240626 0.152797 -0.0598334 -0.168899 0.498861 -0.173501 -0.184235 0.340114 -0.167231 0.150188 -0.384399 0.242957 0.305523 0.147756 -0.451153 0.0846159 -0.205148 -0.385376 -0.38481 0.0575443 
0.529152 -0.0854796 -0.10799 -0.130784 -0.267644 0.35073 -0.0848494 -0.296948 0.0241659 0.0660078 -0.100454 0.20226 -0.180429 -0.553365 -0.198114 0.159823 0.293542 0.124936 -0.0920515 -0.306022 0.467026 0.268831 0.44743 0.275887 0.108195 -0.292419 0.521769 -0.167658 0.18501 0.16263 -0.166756 0.0107275 -0.182898 0.212624 0.232481 -0.390304 -0.302653 0.388054 0.274528 0.0833253 0.2621 0.127461 0.0406711 0.0243842 0.196934 0.0583627 -0.0925336 0.0935312 0.22973 -0.265719 0.0460618 -0.130671 0.142566 0.502902 -0.21118 -0.0498423 -0.197477 0.0221708 -0.000228049 0.116579 0.233778 0.507788 0.0917271 0.235526 
0.234001 0.161894 0.0128361 -0.0507467 0.184619 0.427099 0.15833 -0.232878 0.10267 0.329369 -0.165067 0.0588364 -0.438492 -0.122411 0.169609 -0.183314 0.149629 -0.377779 0.019252 0.0722195 0.212723 0.242956 -0.0937046 -0.00765927 -0.239041 -0.524483 0.166847 -0.0222292 -0.281494 -0.197258 -0.57109 -0.296748 0.120259 0.293504 -0.17241 -0.0447208 -0.184127 0.13937 0.0283061 0.377389 -0.0100092 -0.123161 0.132251 0.0501115 -0.121811 -0.22149 -0.226005 0.13517 0.204027 -0.170186 -0.130144 1.02983 -0.359284 -0.338805 0.0185646 0.286389 0.0734024 0.108569 -0.298102 -0.0191849 0.10591 -0.357812 0.119642 -0.12954 
-0.202551 0.227022 0.00901559 0.056951 -0.18713 -0.372202 0.244617 -0.400158 0.183268 0.724292 -0.630452 0.376252 0.0248545 -0.150473 -0.262006 0.14477 0.25702 0.238705 0.0348087 -0.204693 0.286771 0.0755537 -0.287619 0.123736 -0.432156 -0.460257 -0.205629 0.0151793 0.458748 -0.181447 0.101729 0.543355 -0.127194 0.432413 0.249695 0.0152828 -0.0120648 0.156072 0.096308 -0.0460461 0.0871422 0.13033 0.0964112 0.164113 0.389491 0.471955 -0.306564 -0.0400058 -0.121415 -0.0145285 0.22572 0.594535 0.166705 0.2282 0.0377505 -0.860355 0.0467204 -0.0794349 0.265452 0.121988 -0.0524655 0.0442505 -0.212032 -0.292816 
-2.88145 -2.00865 9.99858 -5.37737 -2.06296 -1.4302 -1.67775 -2.24775 -1.03578 -2.48039 -5.84638 -1.52005 -2.72604 -2.49346 9.99809 9.99608 -2.14709 -2.29577 -2.19696 -0.383861 -2.30454 -2.2769 -0.881705 -2.62058 -2.20136 -0.704215 -2.34363 -1.627 -1.79821 -2.00501 0.472488 -2.17369 -1.98509 -9.26729 -2.26511 -2.10839 -0.647576 -1.49717 -2.93619 -2.32643 -1.32223 -2.37599 -2.64997 -1.90311 10 -2.91738 -1.63578 -2.28453 -2.20045 10 9.99882 -1.90608 -5.23097 -2.54236 -3.59611 -0.43461 -2.81498 -2.69457 -2.97713 -2.04321 -0.194595 -1.24865 -3.20533 -2.15665 
-9.98611 
-10 
0.172383 
-9.88872 
-9.99155 
-10 
-9.98533 
-10 
-9.99965 
-9.88018 
-9.84155 
-10 
-9.9997 
-9.99934 
0.242028 
0.750379 
-10 
-10 
-10 
-9.5266 
-10 
-10 
-9.59368 
-9.98167 
-10 
-9.99355 
-10 
-5.68691 
-10 
-9.99359 
-7.00021 
-10 
-9.99725 
-4.43603 
-10 
-10 
-9.98188 
-10 
-10 
-10 
-9.26281 
-9.89879 
-9.99984 
-10 
0.607654 
-10 
-10 
-9.98717 
-10 
0.574912 
0.679848 
-9.70817 
-9.90219 
-9.99982 
-9.91945 
-10 
-10 
-10 
-9.99666 
-10 
-9.98485 
-9.9943 
-6.92781 
-10 
9.97707 

# Training State Metadata
FILENAME tetris_model_best_20260906_160300_score1111100.txt
EPSILON 0.175635
EPSILON_MIN 0.05
EPSILON_DECAY 0.995
LEARNING_RATE 0.0015
GAMMA 0.99
TRAINING_EPISODES 43004
TOTAL_GAMES 348
BEST_SCORE 1111100
AVERAGE_SCORE 86284.1
PREVIOUS_AVG_SCORE 86284.1
