# Neural Network Model File
# Saved: 2026-09-05 21:40:33
# Filename: tetris_model_best_20260905_214033_score1700.txt
#
-0.116026 0.245966 2.47655 0.598003 0.130347 -0.214634 0.261371 -0.441082 -0.784661 0.240692 0.312825 0.391044 -0.02752 -0.155828 -0.0907387 1.72084 0.275716 0.0545957 -0.0647284 0.047081 0.126213 -0.216624 -0.534232 0.0746748 -0.649546 -0.289213 0.0131978 0.289366 -0.298039 0.301904 -0.183329 0.00656079 0.0248482 -0.53756 0.0937543 0.310737 0.322804 0.321117 -0.351423 0.325909 -0.0328762 0.116557 0.116422 -0.418086 1.90399 -0.194892 -0.144312 -0.106329 0.320709 1.7107 1.21241 0.202278 0.486205 0.294691 -0.530164 0.37524 0.126255 0.0400386 -0.0515804 -0.0596026 0.198586 0.18223 0.286035 -0.0543341 
0.245265 -0.375237 2.39193 0.0392217 0.257921 0.0465487 -0.323945 -0.33782 -0.198407 -0.174645 -0.000632826 0.244717 0.395431 -0.53094 -0.368296 2.3421 -0.0191004 -0.890827 0.0301307 0.459293 0.0992333 -0.21457 -0.27194 0.334613 -0.128334 0.439851 -0.338406 0.486945 0.251731 0.118499 -0.0886117 -0.116407 0.0424574 -0.711282 -0.128845 -0.17377 -0.215764 -0.576491 0.541339 -0.394532 -0.281291 -0.248276 -0.161289 -0.337545 2.34165 0.351415 0.301099 0.557758 0.260207 2.00341 2.03942 0.386694 -0.260384 -0.227839 -0.1478 0.0735793 0.284778 -0.411328 0.633446 -0.363976 0.41228 0.299657 0.194329 0.0699598 
0.339573 -0.0607024 2.52729 0.62816 0.24244 0.111394 0.286242 0.314242 -0.389358 0.832713 0.22299 -0.268653 0.322402 -0.0800071 0.380548 1.35937 -0.00370224 -0.357906 -0.305932 -0.348804 0.324194 -0.0204416 -0.542259 0.0914374 0.64131 0.31494 0.035056 -0.143535 -0.107556 0.935865 0.0410034 -0.242622 -0.855013 0.140604 0.0428865 0.211624 -0.986116 -0.539348 0.65469 -0.232442 0.577186 0.788078 0.561116 0.391501 2.24674 0.404811 -0.449898 0.394412 0.263639 1.86002 1.79141 -0.163443 0.273407 0.195432 -0.154075 -0.69729 0.264093 0.758123 0.291116 -0.204759 -0.595677 0.586576 0.17129 -0.531161 
0.253211 0.0161841 2.22143 0.63733 0.249909 0.0475745 0.156552 0.110608 0.330504 0.352643 -0.000812699 -0.185846 -0.748533 0.141683 -0.0664573 1.87682 -0.0212022 -0.231798 0.0120612 -0.294057 0.123445 -0.606059 -0.231094 -0.271109 -0.378648 -0.113077 -0.267938 0.0366246 0.075624 -0.489896 -0.108486 -0.424014 -0.277506 -0.21942 -0.219743 -0.010899 -0.274607 -0.676352 0.477019 -0.312153 0.412158 0.342298 -0.0647355 -0.170899 2.31676 -0.141994 0.0121454 -0.0637574 0.134024 1.97735 1.86324 0.240788 -0.380926 -0.0363186 -0.039163 -0.900326 0.524124 0.21319 0.217684 -0.473011 -0.672664 0.0163248 0.0400805 -0.338491 
0.0295461 0.133353 2.66734 0.33644 -0.109949 -0.73251 -0.381135 0.0836837 -0.403018 -0.059922 -0.188229 0.65236 0.321969 0.16819 -0.266853 1.64905 0.103858 0.519726 -0.236018 -0.0722414 -0.0729071 0.467066 0.0539751 0.0697194 -0.590569 0.000413409 -0.133431 -0.208045 0.41072 0.0049114 -0.562598 0.726545 0.528122 -0.285068 0.176708 -0.465585 0.0750834 -0.076106 0.0931254 -0.179782 -0.0945861 0.574893 -0.0292603 -0.402576 2.39177 0.114347 -0.325681 -0.242561 -0.0496474 1.73673 1.76527 0.0637504 0.0800089 0.167759 0.748473 0.303482 0.124825 -0.0545991 0.308868 0.130118 0.247605 0.0222318 -0.0172152 0.169344 
-0.181737 -0.337829 1.89785 0.216006 -0.255576 0.276938 -0.111645 -0.175053 -0.162159 -0.0892923 -0.448364 -0.391656 -0.409457 -0.188574 -0.218486 1.57103 -0.0321515 0.489279 0.0157559 0.015494 0.00562859 -0.075247 -0.185965 -0.184044 -0.301656 -0.0947933 -0.145167 0.187238 -0.149639 -0.116394 -0.47609 -0.604026 0.355705 0.325375 -0.220676 0.00979155 0.0998391 0.369819 -0.170546 -0.251506 -0.323474 0.0174338 0.107322 0.271398 1.64552 0.37428 0.254725 -0.443713 0.14738 2.05145 1.21745 -0.474721 -0.0828556 -0.117964 0.603866 0.454575 -0.305526 0.345988 0.0540346 -0.0257299 0.465534 -0.820105 0.228404 0.205567 
0.181236 -0.183714 2.24847 0.163224 0.381895 -0.107205 0.125012 0.442543 -0.506192 -0.0140039 0.0647334 -0.296393 0.270926 0.270337 -0.369798 1.8694 0.0798536 0.584218 0.0021313 0.609165 0.0725076 0.335881 0.215459 0.163249 0.752768 -0.180782 -0.335717 -0.621309 0.364581 0.419542 0.22272 -0.269524 0.39187 0.017838 0.168539 -0.271842 -0.586412 0.377377 0.501338 -0.367021 0.143431 -0.276309 0.0721993 -0.0989193 1.90208 0.507611 -0.49954 -0.255333 0.134655 1.98355 2.24846 0.0754783 -0.0312889 -0.0429889 -0.300898 0.184012 0.300312 0.624302 0.472359 -0.170693 0.432394 -0.197636 0.116465 0.0546959 
0.103656 0.0746956 1.96349 0.259691 -0.105209 -0.136989 0.188044 0.440929 -0.299156 0.39202 0.136342 0.00133868 0.314927 -0.200411 0.134027 1.43414 0.0733833 -0.801931 -0.25487 -0.720267 0.147081 0.203331 -0.301916 -0.231571 0.730919 -0.25661 -0.340842 -0.370243 -0.624873 -0.236398 -0.131431 0.112053 -0.206415 -0.252601 0.227795 -0.0202307 0.33431 0.545642 0.214486 -0.200871 0.0271359 -0.289688 -0.0611516 -0.283948 1.41495 -0.211038 -0.437711 -0.596242 0.396745 1.56523 1.27009 0.0765636 -0.0714091 0.223049 -0.0556965 -0.289661 -0.0527291 0.504566 -0.0125729 -0.0398171 -0.390861 -0.273278 0.476074 -0.192442 
0.244178 -0.256696 2.49557 0.439074 -0.0779015 -0.464745 0.010887 0.321651 -0.18678 -0.0430035 -0.18213 0.0726181 0.36906 -0.0552751 0.347263 2.10586 -0.418995 -0.671223 -0.0971942 -0.00190342 0.299788 -0.0954545 0.287602 0.137338 0.230932 -0.806569 0.0701757 0.165182 -0.391036 0.515175 -0.32064 0.382937 -0.632915 -0.094566 0.107878 -0.347034 -0.636915 -0.327393 0.525333 -0.25242 -0.0419636 -0.313777 0.0185722 -0.419698 1.92113 0.487601 -0.261381 0.49804 0.060703 1.7344 1.71293 -0.264975 -0.104639 -0.421019 0.271627 -1.0394 0.201874 0.426272 0.546136 -0.053256 -0.156925 -0.352738 0.491647 -0.334875 
0.594604 -0.30518 1.5291 0.0267728 0.401251 -0.483672 -0.194967 0.161482 -0.00992296 0.190194 0.169553 -0.368326 0.562748 -0.0798394 0.032689 1.71519 0.128906 0.0992086 0.0104126 -0.060377 0.430157 0.138255 0.0869762 0.210745 0.0355471 -1.01782 -0.362867 -0.644861 -0.196327 -0.212614 0.549616 -0.328008 -0.2524 -0.123273 0.0990883 0.166798 -0.787643 -0.427377 0.0521699 -0.336593 0.150439 0.438713 0.36557 -0.222108 2.10604 0.146019 -0.398709 0.229769 0.309111 1.48604 1.6668 -0.251961 0.446019 0.05834 -0.50493 -0.285238 0.383487 0.0884201 0.243346 -0.131263 -0.197177 -0.949761 0.657492 -0.24819 
0.0612675 -0.445716 3.85911 0.260759 0.411653 -0.165066 0.105335 0.592819 0.280809 0.100919 0.341161 -0.549892 -0.262244 -0.236549 -0.199695 2.87051 -0.525495 -0.306426 0.0011416 0.0893634 0.331482 -0.130072 -0.513253 0.953098 0.476616 -0.520857 -0.00466638 -0.28264 -0.37307 0.559756 0.189483 -0.060007 -0.681463 0.0305415 -0.345933 -0.0497687 -0.00469851 -0.149682 0.709786 -0.264031 -0.0567966 -0.039828 0.208975 -0.0605066 3.25427 0.267935 -0.106986 -0.0232393 0.146681 2.83521 2.79135 0.558805 0.217007 0.19517 -0.775645 -0.54851 0.224428 0.417596 0.957477 0.0799334 -0.0841325 -0.0642032 0.728108 -0.588513 
0.259998 0.0179931 0.300542 -0.113245 0.186065 0.145432 0.143743 0.648094 -0.336 0.283202 0.295194 0.0319852 0.203219 0.217182 0.143842 -0.0953639 -0.102002 -0.0133295 0.256609 0.211182 -0.18263 -0.142351 -0.0390185 0.750643 0.689726 0.476741 0.14587 0.724592 0.178187 0.514258 -0.0716284 -0.18272 -0.108837 0.502632 -0.254428 0.187862 0.180434 -0.207255 0.335063 -0.0791771 0.771999 0.687182 0.30436 0.0808236 0.328463 0.418865 -0.0709323 0.303579 0.449373 0.217997 0.116083 0.0962215 0.523218 0.584238 -0.0247352 0.0215082 0.0139299 0.260245 0.296366 0.162484 0.309202 0.0928392 0.132151 0.526875 
-0.216305 0.221824 0.221589 0.86425 0.362278 0.0863303 0.279563 0.191781 0.557269 -0.00243841 0.140751 -0.379047 0.226015 0.489509 0.0746592 0.304285 0.138514 0.704084 0.0650961 -0.195147 0.223506 0.209311 -0.264102 0.749889 0.127404 0.693051 0.217056 0.492235 0.0241907 0.0298276 0.344798 0.34494 0.396215 0.137059 -0.492653 -0.0987352 0.0436095 0.0575212 0.188613 0.159273 -0.012167 0.394176 0.187107 -0.18602 0.438075 -0.0719554 -0.00368574 0.0011171 0.43147 0.0846591 0.50168 0.342528 0.413739 0.513718 0.271065 0.484186 0.581048 0.161596 0.12167 -0.2422 0.156992 0.00202527 0.389901 -0.185567 
1.44457 0.724552 -0.468905 0.879414 1.39827 -0.274109 1.04995 0.970704 0.0770231 1.08758 0.858746 0.193372 1.15547 0.232819 0.53199 -0.236906 -0.129902 0.0756838 1.17813 -0.125539 0.894465 -0.281505 0.301827 1.15116 1.30995 0.16383 1.20902 -0.490767 0.357366 1.1651 1.43361 0.0774725 0.384471 0.97302 -0.0876609 1.33557 0.0176996 -0.125438 1.18343 0.71899 0.947702 1.01699 1.02909 1.54042 -0.341976 1.33195 0.197781 -0.454818 1.58587 -0.869321 -0.0827496 0.885779 0.474584 1.39194 -0.669073 0.30381 1.44361 1.10274 1.38896 -0.0316724 0.240788 -0.228553 1.00184 -0.282199 
0.964631 0.160031 -0.863331 1.01953 1.01656 0.662585 0.908726 0.952252 0.0115479 0.926752 0.55973 -0.0118316 1.39643 -0.225847 0.815755 -0.870649 0.0213082 0.507642 1.56355 0.183333 0.870055 1.50486 0.310301 0.487192 1.19096 0.580681 1.30451 0.558726 -0.394716 0.79625 1.25917 0.362101 0.249022 1.22867 0.0907062 0.482221 -0.20631 0.116601 1.04973 0.18758 1.27918 1.02516 1.12201 1.37599 -0.460854 1.20604 0.0423523 -0.149614 1.31731 -0.552029 -0.730146 1.02954 1.1481 1.05124 -0.732093 0.413389 1.1466 0.911603 0.868373 -0.0803269 0.480039 0.176907 1.19418 -0.135296 
0.92646 0.447241 -0.12964 0.692279 1.25673 0.70009 0.949857 0.801606 0.13943 0.866883 0.695746 0.21058 1.08156 0.19091 0.934863 -0.129351 -0.0971373 1.30647 0.667118 0.556858 0.672578 0.406807 0.204772 0.848479 1.12402 0.868385 0.593429 1.2656 1.86669 1.09068 1.06367 -0.0877772 0.0616539 1.1648 -0.384104 0.61 0.254848 0.197437 0.692099 0.238251 0.839921 0.646871 0.429606 0.362774 -0.169247 0.897935 0.128849 1.04209 0.694927 0.140581 0.17942 0.481555 0.628769 0.558076 -0.299064 0.130177 1.04479 0.679571 1.16965 0.702988 -0.26049 1.00912 1.09507 0.12316 
1.25772 0.122575 0.0647738 0.719232 1.06576 0.912455 0.9195 0.726582 0.43786 0.8104 0.475458 0.111905 1.10208 0.0911762 0.644291 -0.0258015 0.0776456 1.37404 0.855615 0.226761 0.701188 -0.272981 0.268117 1.10677 1.17664 1.13243 0.526591 1.07466 -0.230446 1.18948 0.974599 -0.0592023 1.23144 0.669746 0.434235 1.0213 0.149087 0.617219 0.559714 0.502854 0.297045 0.611297 1.38515 0.802855 -0.330228 0.923557 -0.0347327 0.585629 1.31483 -0.0107773 -0.0781169 1.2955 0.853962 0.989835 -0.537302 0.0411649 0.696307 0.933878 0.925128 -0.38282 0.196377 1.35812 1.01437 0.538738 
0.972833 0.6928 -0.446129 1.23881 0.890305 1.05759 1.2005 1.12045 0.0205484 1.18604 0.471308 0.121906 1.08643 -0.00592858 0.879687 -0.576251 0.289269 0.551412 1.17693 -0.160448 1.01863 0.0811919 0.186383 0.975061 0.976642 0.381727 1.45037 0.0139054 -0.0825564 1.17689 0.964848 0.182499 0.21204 1.60373 0.417649 1.31032 0.755088 0.0265981 1.26567 0.597287 1.11179 1.73667 0.910549 0.802343 -0.503179 0.657666 0.400266 -0.437938 1.18831 -0.690336 -1.03411 0.577588 0.950047 0.665077 -0.136184 0.317109 1.37122 1.11713 0.579097 0.00327876 0.21696 1.01107 0.913142 0.305269 
1.19155 -0.110019 -0.425825 0.703644 0.862571 1.36777 1.01217 0.898879 -0.253492 1.34208 0.394601 0.0366564 1.00508 -0.128673 0.71661 -0.417229 0.101004 0.253574 0.90991 0.539322 1.09488 -0.260058 0.324745 0.776721 0.597976 0.634375 1.45209 0.449155 0.278687 1.3482 0.780251 0.148136 -0.171546 1.26918 -0.0686592 0.718975 0.387223 0.299287 1.13237 -0.231047 1.4913 1.00299 0.966174 1.39999 -0.905352 1.57798 -0.0156666 0.056333 1.13681 -0.788263 -0.445844 0.876279 1.19354 1.07094 -0.727267 0.529987 1.35675 0.800576 1.21299 0.210604 0.429219 1.03075 0.799359 -0.25293 
0.976544 0.256164 0.192309 1.27531 0.97644 0.820079 1.06856 0.627998 -0.536866 1.24326 0.929216 0.373806 1.01976 0.796175 1.1138 0.538861 -0.370911 -0.366278 0.702792 -0.00508995 1.3622 0.252319 -0.0262855 1.06718 1.16694 0.046024 1.1021 0.929738 0.140475 1.01338 0.85084 0.353791 -0.161275 0.322053 -0.0619982 1.03539 0.399363 -0.0468857 1.42558 -0.0259514 1.09938 1.08891 0.903786 0.738648 0.220326 0.999807 -0.39486 1.58555 1.14409 0.0116516 0.532775 1.33801 0.875708 1.58756 0.00281426 0.0832612 0.684396 1.50292 0.991083 0.869031 0.200655 0.89152 1.19952 0.13787 
0.346852 -0.17136 0.743605 0.713554 0.198905 -0.125052 -0.254544 1.01665 0.00464726 0.12655 0.852595 -0.0574431 -0.0538818 0.0223852 0.360551 0.80046 -0.705613 0.192439 0.499847 0.256197 0.418633 0.0686064 0.125115 0.199191 0.647488 -0.0608989 -0.327759 -0.306282 0.328393 0.273617 0.226527 0.0148719 -0.201812 0.0899546 -0.0566355 0.302823 0.426387 0.391161 0.302744 0.111415 0.126377 0.0377413 -0.131836 -0.0912446 0.667411 0.0295942 0.101169 0.312661 0.348755 0.56313 0.626234 0.741986 0.401495 0.665376 0.287916 -0.42505 0.622278 0.747751 0.172903 0.248617 0.0119159 0.357684 0.556314 -0.0127962 
-0.00853071 -0.327777 2.48875 0.0688488 0.582676 -0.430066 0.0978263 -0.356265 0.252355 -0.154502 0.111861 -0.700015 -0.162867 0.122937 0.046363 1.8441 -0.103579 -0.205845 -0.327369 -0.296381 0.188464 -0.0768242 0.0699942 0.207783 -0.0975864 -0.548653 -0.0156942 -0.431148 -0.400777 0.0337245 0.267124 0.0735601 -0.510774 0.144365 -0.245496 -0.251734 -0.321306 -0.431219 -0.245536 -0.573258 0.0156697 0.152509 -0.0350917 -0.583161 2.20131 0.211338 0.194608 -0.00520173 -0.222898 1.62354 1.87873 0.0802491 -0.265989 -0.0483099 0.0827741 -0.472258 0.28512 0.0893753 -0.0313316 0.00177435 -0.354127 -0.372464 -0.110069 0.231429 
-0.0793582 -0.214873 2.91362 0.511134 0.755755 0.166406 0.0283988 0.350586 -0.280164 0.75249 0.368315 -0.256881 0.798011 -0.584136 0.220114 2.25546 -0.320934 0.182006 0.020805 -0.578108 0.296941 0.142758 -0.162463 0.391506 0.674319 -0.044004 0.00289378 0.214543 0.324713 0.944455 0.377972 -0.209015 0.481849 -0.371436 -0.316522 0.451954 -0.711941 -0.873544 0.180082 -0.384475 0.682681 0.0829176 0.596928 0.392914 2.21947 0.414416 -0.023966 -0.046112 0.155341 1.90814 2.26867 0.318157 -0.0903578 0.588789 0.236815 0.0162326 0.429021 0.84486 -0.0658986 -0.162081 -0.332387 0.0584482 0.424376 0.0788424 
-0.473625 0.0746799 0.326566 -0.155129 0.341016 -0.233397 -0.355001 0.0976283 0.0902977 0.118493 0.523751 -0.0699765 0.49998 0.058603 0.203268 0.130321 0.219379 -0.303547 0.709706 0.0766231 -0.264249 0.337554 0.206213 -0.38196 -0.0933805 0.276848 0.22818 0.0354526 -0.207791 -0.381628 -0.25754 0.150871 0.0467967 0.0543035 0.172306 -0.0532886 -0.0300843 0.260378 -0.682317 0.337364 -0.0209804 0.142109 0.023859 0.160873 -0.240626 0.152797 -0.0598334 -0.168899 0.498861 -0.173501 -0.184235 0.340114 -0.167231 0.150188 -0.384399 0.242957 0.305523 0.147756 -0.451153 0.0846159 -0.205148 -0.385376 -0.38481 0.0575443 
0.529152 -0.0854796 -0.10799 -0.130784 -0.267644 0.35073 -0.0848494 -0.296948 0.0241659 0.0660078 -0.100454 0.20226 -0.180429 -0.553365 -0.198114 0.159823 0.293542 0.124936 -0.0920515 -0.306022 0.467026 0.268831 0.44743 0.275887 0.108195 -0.292419 0.521769 -0.167658 0.18501 0.16263 -0.166756 0.0107275 -0.182898 0.212624 0.232481 -0.390304 -0.302653 0.388054 0.274528 0.0833253 0.2621 0.127461 0.0406711 0.0243842 0.196934 0.0583627 -0.0925336 0.0935312 0.22973 -0.265719 0.0460618 -0.130671 0.142566 0.502902 -0.21118 -0.0498423 -0.197477 0.0221708 -0.000228049 0.116579 0.233778 0.507788 0.0917271 0.235526 
0.234001 0.161894 0.0128361 -0.0507467 0.184619 0.427099 0.15833 -0.232878 0.10267 0.329369 -0.165067 0.0588364 -0.438492 -0.122411 0.169609 -0.183314 0.149629 -0.377779 0.019252 0.0722195 0.212723 0.242956 -0.0937046 -0.00765927 -0.239041 -0.524483 0.166847 -0.0222292 -0.281494 -0.197258 -0.57109 -0.296748 0.120259 0.293504 -0.17241 -0.0447208 -0.184127 0.13937 0.0283061 0.377389 -0.0100092 -0.123161 0.132251 0.0501115 -0.121811 -0.22149 -0.226005 0.13517 0.204027 -0.170186 -0.130144 1.02983 -0.359284 -0.338805 0.0185646 0.286389 0.0734024 0.108569 -0.298102 -0.0191849 0.10591 -0.357812 0.119642 -0.12954 
-0.202551 0.227022 0.00901559 0.056951 -0.18713 -0.372202 0.244617 -0.400158 0.183268 0.724292 -0.630452 0.376252 0.0248545 -0.150473 -0.262006 0.14477 0.25702 0.238705 0.0348087 -0.204693 0.286771 0.0755537 -0.287619 0.123736 -0.432156 -0.460257 -0.205629 0.0151793 0.458748 -0.181447 0.101729 0.543355 -0.127194 0.432413 0.249695 0.0152828 -0.0120648 0.156072 0.096308 -0.0460461 0.0871422 0.13033 0.0964112 0.164113 0.389491 0.471955 -0.306564 -0.0400058 -0.121415 -0.0145285 0.22572 0.594535 0.166705 0.2282 0.0377505 -0.860355 0.0467204 -0.0794349 0.265452 0.121988 -0.0524655 0.0442505 -0.212032 -0.292816 
1.74761 -0.263662 4.20082 2.23397 1.93188 1.65374 1.6708 1.48958 -0.377628 1.70768 1.46475 -0.32348 1.67054 -0.525026 1.31945 3.27444 -0.250056 1.02039 1.57248 -0.131871 1.6935 -0.10257 -0.305706 1.88113 1.91226 1.76342 1.76742 1.03428 0.381727 1.76222 1.58993 -0.361157 0.085384 1.58131 -0.378193 1.5081 0.0899829 0.166687 1.93814 -0.364588 1.53854 1.80422 1.69472 1.78988 3.86191 1.79655 -0.178062 0.014046 1.72807 3.209 3.04733 1.89795 1.59307 1.75538 -0.841809 0.224127 1.92598 1.74936 2.04948 -0.724056 -0.117653 1.25113 1.71015 -0.545785 
-1.98321 
-4.69395 
0.2205 
-2.37923 
-2.22632 
-0.984213 
-1.70797 
-1.93444 
-4.12959 
-2.01839 
-2.00447 
-4.43029 
-2.0561 
-4.72997 
-1.57355 
0.448891 
-5.11258 
-2.28039 
-1.40319 
-5.68433 
-2.05951 
-3.55131 
-4.54666 
-2.21408 
-2.18626 
-1.01448 
-1.22178 
-2.08332 
-4.40874 
-2.17927 
-1.86629 
-4.85895 
-4.47288 
-1.09477 
-4.31223 
-1.64071 
-4.79924 
-6.12696 
-2.1857 
-4.12853 
-1.83024 
-1.85828 
-1.95287 
-1.07568 
0.381229 
-2.05834 
-4.77027 
-1.51748 
-2.01835 
0.367426 
0.421935 
-1.93447 
-1.68756 
-1.82579 
-1.45052 
-6.10354 
-2.23599 
-2.0609 
-2.31348 
-3.77245 
-5.41243 
-1.49386 
-2.03406 
-4.78313 
1.30778 

# Training State Metadata
FILENAME tetris_model_best_20260905_214033_score1700.txt
EPSILON 0.900087
EPSILON_MIN 0.05
EPSILON_DECAY 0.995
LEARNING_RATE 0.0015
GAMMA 0.99
TRAINING_EPISODES 850
TOTAL_GAMES 22
BEST_SCORE 1700
AVERAGE_SCORE 333.333
PREVIOUS_AVG_SCORE 333.333
