# Neural Network Model File
# Saved: 2026-09-05 21:44:20
# Filename: tetris_model_best_20260905_214420_score9800.txt
#
-0.114759 0.584372 7.45576 1.85762 1.09996 -2.19574 -1.25175 -0.248195 -0.863349 0.353345 1.67156 0.515246 0.543497 0.0912099 -0.324799 3.86134 0.464451 -1.32571 -1.28749 2.76858 0.814637 -0.877735 -0.692975 1.17795 0.298368 -1.60405 -1.24005 2.12528 -0.832339 1.09737 -0.460375 0.0654842 -0.01335 -2.22471 0.205326 -0.640626 0.196592 0.517586 0.482346 0.64245 -1.12708 -1.02538 -0.106854 -1.5031 4.64925 0.0250117 -0.133516 -0.729353 0.509282 4.7125 3.62342 -0.0642536 -0.464955 -0.684761 -0.0933222 0.470957 1.03494 0.472414 1.16148 -0.0419492 -0.0744701 -0.288247 0.658281 0.164213 
0.341075 -0.136638 6.99727 1.36136 1.29858 -0.875177 -1.39282 -0.054466 -0.173917 0.0308292 1.4198 0.39398 1.0473 -0.251922 -0.489594 4.17952 0.141265 -1.7512 -0.966542 2.82431 0.866175 -0.0278744 -0.339872 1.50475 0.892027 -0.111263 -1.34415 2.47679 -0.240196 0.988214 -0.262422 -0.0324031 0.294828 -1.73754 -0.000752159 -0.976939 -0.099218 -0.598645 1.45007 -0.0900909 -1.26036 -1.26178 -0.28326 -1.20548 4.76457 0.659993 0.302957 0.71042 0.539839 4.67983 4.14048 0.225459 -0.852051 -1.10544 0.105187 0.370226 1.26378 0.107993 1.90809 -0.0448535 0.378624 0.123692 0.655323 0.272114 
0.809588 0.0554559 6.72654 2.21681 1.59038 -0.146967 -0.399705 0.968397 -0.256741 1.40421 1.91391 -0.126459 1.31823 0.0449154 0.61175 2.78092 0.094512 -0.415359 -0.7688 1.76823 1.42771 -0.0191838 -0.581365 1.55626 1.9737 0.534682 -0.399655 1.88713 0.284592 2.12745 0.263383 -0.205148 -0.593397 -0.636862 0.26589 -0.132372 -0.879538 -0.418814 1.88274 0.0798837 -0.0169512 0.156486 0.822476 0.0362618 4.25093 1.06965 -0.495342 0.540951 0.905435 4.11607 3.4743 0.0653648 -0.0639554 -0.327766 0.0252379 -0.85947 1.55447 1.62498 1.84211 0.0453388 -0.698443 0.796703 0.985097 -0.419075 
0.80232 -0.0329436 6.63996 2.01057 1.46741 0.114126 -0.0558115 0.812028 0.2913 0.986654 1.43977 -0.0818354 0.220684 0.138591 0.270277 3.40087 0.00611928 -0.00866014 -0.0491661 1.50322 1.17293 -0.527144 -0.205364 1.0241 0.829833 0.269972 -0.244388 1.45574 -0.333213 0.619284 0.2379 -0.435546 0.0580032 -0.913392 -0.170739 -0.0827884 -0.203505 -0.537568 1.61403 -0.172951 0.0277541 0.0105603 0.314199 -0.13532 4.43846 0.562862 0.0103029 -0.711528 0.825936 4.36039 3.65679 0.601513 -0.422425 -0.331501 -0.065956 -0.720038 1.69878 1.09171 1.56352 -0.552196 -0.437918 0.542791 0.876688 -0.313427 
0.151157 0.0764291 7.2523 1.25025 0.653502 -0.962801 -0.859631 0.353059 -0.453581 0.144714 0.799821 0.595177 0.849425 0.195365 -0.148489 3.45324 0.0862653 0.285399 -0.667349 1.79315 0.531048 0.314778 0.0782284 0.908266 0.164446 0.408387 -0.474651 0.856849 0.553935 0.665273 -0.640802 0.725464 0.521359 -1.20914 0.00680831 -0.822837 0.151355 0.190906 0.779892 -0.0898774 -0.89458 -0.111409 -0.07478 -0.534454 4.76381 0.38832 -0.200023 -0.373048 0.211494 4.35554 3.82465 -7.32117e-05 -0.189109 -0.464915 0.686257 0.186471 0.846642 0.388652 1.19572 0.141131 0.0655401 0.135918 0.385436 0.170184 
0.0310269 -0.374292 6.24906 1.40467 0.716252 -0.163284 -0.749868 0.194578 -0.147895 0.213812 0.824096 -0.431634 0.254385 -0.0192099 -0.048905 3.24697 -0.0326183 0.152316 -0.485292 1.96605 0.759505 -0.515704 -0.138716 0.889649 0.655808 0.0967813 -0.608226 1.36165 -0.0357545 0.715657 -0.490795 -0.510246 0.311174 -0.652387 -0.246223 -0.427701 0.146137 0.408999 0.694027 -0.112446 -1.10788 -0.679764 0.13633 -0.244274 3.87802 0.758846 0.305202 -0.781702 0.513776 4.5205 3.14233 -0.473355 -0.374455 -0.721085 0.648031 0.323697 0.612779 0.908353 1.20381 0.0424677 0.357911 -0.852494 0.745317 0.218902 
0.326288 -0.119836 7.48334 1.43016 1.40746 -0.578355 -1.0348 0.762733 -0.46748 0.236389 1.39565 -0.356991 0.936128 0.399938 -0.59805 4.21368 0.104094 0.506538 -1.05457 2.45856 0.841638 -0.542655 0.155146 1.30051 1.75728 0.261818 -1.37985 0.727952 0.237915 1.28754 0.0924749 -0.254289 0.405861 -0.976339 0.0339722 -1.07412 -0.351732 0.366071 1.40366 -0.156461 -0.840499 -1.34048 0.00471579 -1.13692 4.86615 0.858358 -0.458564 -1.30226 0.457439 5.21005 4.87118 -0.0324554 -0.910911 -0.9695 -0.0968346 0.303051 1.27011 1.17079 1.69983 -0.179479 0.476685 -0.644865 0.609368 0.0995268 
0.591283 0.160791 6.49417 1.76196 1.19211 -0.233379 -0.548203 1.09578 -0.148247 0.979455 1.69571 0.058939 1.28655 -0.133203 0.241559 3.25376 0.131407 -0.951736 -0.962619 1.40704 1.21582 -0.228163 -0.252032 1.16307 2.00969 -0.0892449 -0.966503 1.29488 -0.288743 0.921135 0.106373 0.189684 -0.401442 -1.03424 0.0121219 -0.350961 0.64936 0.542691 1.40292 0.0608175 -0.515483 -1.02095 0.231826 -0.772211 3.81549 0.469257 -0.508869 -0.880067 1.05096 4.21489 3.35139 0.334899 -0.604648 -0.288037 0.128591 -0.00113175 1.19406 1.36836 1.45777 0.095271 -0.140523 -0.253864 1.29026 -0.0724487 
0.845308 -0.129264 6.49601 2.04239 1.31831 -0.868614 -0.515424 1.08723 -0.157046 0.65716 1.47758 0.111508 1.45194 -0.00262668 0.782904 3.49885 -0.304397 -1.21183 -0.5239 2.19495 1.47605 -0.279146 0.311605 1.62839 1.61038 -1.5741 -0.272058 1.96424 -0.49287 1.77562 0.040966 0.450815 -0.55712 -1.2975 0.125326 -0.415204 -0.788089 -0.263132 1.81767 0.0177629 -0.444591 -0.836333 0.433312 -0.427045 3.87395 1.27694 -0.220357 0.428435 0.828509 3.92732 3.35879 0.121032 -0.330251 -0.727772 0.44549 -1.27122 1.54642 1.40765 2.1126 0.0550901 -0.171173 -0.0125108 1.42298 -0.171955 
1.10548 -0.161916 5.7532 1.6179 1.76493 -2.043 -1.27009 0.847204 0.00850099 0.807151 1.81875 -0.330947 1.58978 -0.0432563 0.377207 3.28942 0.241993 -1.06589 -0.518485 2.15778 1.55703 -0.659158 -0.0931264 1.67779 1.38077 -2.45558 -0.861775 1.24887 -0.68447 1.00498 0.80554 -0.360929 -0.289388 -1.85835 0.320306 -0.025042 -1.42698 -0.268253 1.30404 -0.0538677 -0.393018 -0.18981 0.677871 -0.553054 4.25298 0.857987 -0.334055 0.0470241 0.997428 3.87768 3.50041 0.0284004 -0.0296012 -0.364501 -0.272962 -0.901749 1.69154 1.00557 1.79277 -0.0673905 -0.527696 -0.709567 1.52045 -0.00324866 
1.13141 -0.182598 9.49271 2.5424 2.46193 -0.89716 -0.540567 1.87562 0.328357 1.295 2.69732 -0.341036 1.41264 -0.00342554 0.539092 5.17933 -0.360926 -1.0319 -0.104247 2.9689 2.12224 -0.268119 -0.518863 3.11377 2.50755 -0.944664 -0.0864659 2.07065 -0.380685 2.45034 0.951969 0.0230564 -0.992056 -1.46108 -0.153462 0.083181 0.181985 -0.0683841 2.63769 0.105515 -0.324037 -0.330534 1.03134 -0.129657 6.3983 1.57058 0.0318035 -0.0403505 1.42519 6.34188 5.47736 1.34642 0.0592954 0.0721584 -0.576185 -0.317052 2.21493 1.96385 3.20027 0.219808 -0.115285 0.622797 2.21212 -0.416381 
1.42787 0.271104 0.00805447 1.26357 1.51732 1.01616 1.11207 1.85045 -0.0610092 1.4701 1.69283 0.334456 1.46907 0.46646 1.24085 -0.918016 0.121484 0.940254 1.2241 1.49553 1.10311 0.606011 0.292218 2.10392 2.01851 1.27109 1.13177 2.14885 0.952535 1.81588 1.04908 0.0576809 0.672827 0.978966 0.0358862 1.18142 0.634401 0.0952139 1.6438 0.195903 1.73178 1.61981 1.43303 1.06242 -0.383477 1.62369 0.212465 1.12365 1.64962 -0.445936 -0.65687 1.21842 1.50859 1.54134 0.213344 0.487671 1.33437 1.50185 1.6659 0.447946 0.620494 1.19182 1.36416 0.772874 
0.81707 0.457459 0.612769 2.08407 1.54905 0.565768 0.972629 1.25901 0.820674 1.05098 1.36695 -0.0877714 1.35565 0.719883 1.0256 -0.0245235 0.355582 1.30558 0.890579 0.973581 1.37091 0.735441 0.0653889 1.95186 1.31055 1.05599 1.04402 1.70809 0.532652 1.19376 1.32709 0.584338 0.869529 0.14337 -0.172749 0.777762 0.360836 0.292614 1.3575 0.391415 0.797952 1.21945 1.1797 0.650993 0.262174 0.999205 0.275571 0.67488 1.49831 -0.0258342 0.24187 1.32922 1.2035 1.34742 0.452896 0.73404 1.76002 1.27107 1.33627 -0.0276176 0.39886 0.948059 1.48938 0.0210266 
3.22071 0.924916 -0.590008 2.73995 3.26414 1.38198 2.41994 2.78066 0.613567 2.87888 2.7609 0.616379 3.0099 0.50078 2.21624 -1.3016 0.0923246 0.372082 2.87329 0.903844 2.7582 0.0549433 0.493334 3.01961 3.18196 0.77134 2.93998 0.885598 0.854749 3.02243 3.18589 0.299044 0.814118 1.2737 0.171752 2.92954 0.519207 0.152438 3.04713 0.774298 2.6074 2.64298 2.77939 3.06966 -1.1983 3.129 0.507539 0.511589 3.38938 -1.64194 -1.05729 2.63753 1.98602 3.09838 -0.402354 0.564333 3.30029 2.94459 3.24859 0.242602 0.361479 1.39278 2.83877 -0.0214153 
2.65951 0.385703 -1.04415 2.5121 2.60282 1.09079 1.92839 2.65488 0.207187 2.62791 2.01399 0.312086 3.06485 -0.00402982 2.69776 -1.80877 0.267714 1.0516 3.68125 1.0699 2.52094 2.29772 0.49738 2.03313 2.78304 0.876659 3.41036 1.71686 -0.244607 2.42355 2.95472 0.727535 0.899933 1.49506 0.219056 2.4971 0.426213 0.286815 2.67191 0.41076 2.85891 2.41053 2.81791 3.19695 -1.24466 2.89734 0.489259 0.189996 3.02251 -1.25976 -1.59848 2.74676 2.41141 2.64615 -0.513924 0.487132 2.74356 2.61404 2.37397 0.150579 0.681124 2.25994 2.90272 0.0706404 
2.24733 0.796814 0.0778697 2.07444 2.6499 0.964417 2.09741 2.14067 0.697234 2.20011 2.03588 0.518516 2.45409 0.468254 2.42797 -0.703707 0.150631 1.85895 2.18093 1.18837 2.05424 1.17486 0.536927 2.23077 2.51047 0.889351 2.06983 2.58003 3.22881 2.48447 2.35854 0.204169 0.414668 1.04396 -0.0582945 1.98929 0.588145 0.716849 2.08506 0.510308 2.06516 1.91508 1.73743 1.63528 -0.592553 2.23441 0.401912 2.28983 2.03251 -0.218886 -0.3282 1.79268 1.82791 1.91349 -0.0268509 0.506858 2.44034 2.05233 2.54909 1.55585 0.0318052 2.57773 2.46043 0.422067 
2.99647 0.294028 0.130748 2.48746 2.83757 1.13746 2.33296 2.47702 0.439364 2.55788 2.21982 0.41296 2.86467 0.280364 2.37019 -0.646599 0.345321 2.35672 2.48249 1.0473 2.46383 0.264053 0.591343 2.87846 2.94554 1.12268 2.07352 2.64796 0.791419 2.96093 2.68351 0.125108 2.38145 0.984092 0.722106 2.84394 0.474041 0.528534 2.33016 0.64023 1.94401 2.35908 3.10445 2.43224 -0.823391 2.67793 0.203415 2.06178 3.06795 -0.444212 -0.639016 3.01193 2.48433 2.77279 -0.309601 0.177044 2.46828 2.70234 2.69734 -0.153045 0.508486 3.11042 2.7786 0.871515 
2.57195 0.85127 -0.156217 2.76276 2.44239 1.30826 2.6984 2.71312 0.513344 2.77504 1.99549 0.369548 2.66616 0.259262 2.64524 -1.15596 0.406015 1.27125 2.75328 1.21622 2.59395 1.03503 0.625338 2.52054 2.53011 0.96191 2.96411 0.962674 0.474271 2.74525 2.58072 0.412216 0.831216 1.40604 0.81213 3.03558 0.432418 0.283695 2.83023 0.777653 2.71591 3.37658 2.51534 2.47287 -0.88794 2.23811 0.652578 0.812982 2.77023 -0.988425 -1.52366 2.18641 2.65028 2.34021 0.114687 0.515985 2.92914 2.69941 2.11139 0.312399 0.663284 2.61345 2.49548 0.478882 
3.30951 -0.0566644 -1.2524 2.40357 2.70773 2.05333 2.82065 2.98106 -0.20519 3.44092 2.04122 0.308591 2.99334 -0.0992625 2.69897 -1.64958 0.0573423 1.55956 3.36311 0.404332 3.04582 0.229991 0.503695 2.55882 2.45053 0.417465 3.84331 1.65637 0.572022 3.2625 2.9486 0.153323 0.119857 1.58314 0.012196 3.08025 0.70366 0.124325 3.03047 -0.180442 3.70168 3.13843 3.12019 3.65291 -2.06087 3.65011 0.0897235 1.05909 3.22377 -1.90405 -1.63752 3.04975 3.25366 3.27004 -0.655859 0.523563 3.22152 2.84349 2.93775 0.253856 0.333882 3.28626 2.85428 -0.217643 
2.74555 0.478986 0.464744 3.15665 2.86424 1.82291 2.11629 2.42796 -0.247667 3.0316 2.80867 0.377064 2.87777 0.686016 2.66387 -0.019971 -0.052157 -0.276138 2.09536 1.19516 3.23111 1.60907 0.538626 2.95532 3.05627 0.786413 2.54734 2.72421 0.550294 2.8923 2.56598 0.478045 -0.0989194 1.23102 0.170015 2.61673 0.496841 0.263734 3.3063 0.309432 2.62492 2.55644 2.6273 1.96437 -0.156752 2.80511 -0.146028 2.95272 2.94713 -0.28528 0.0592407 3.0549 2.19501 3.13244 0.111859 0.515358 2.56912 3.33832 2.87716 0.707022 0.642531 2.53095 3.02613 0.32919 
0.352356 -0.23892 2.08598 0.968217 0.406824 0.277636 -0.322663 1.07246 0.0272839 0.158854 1.13456 -0.10212 0.0811959 0.0102115 0.312812 1.30888 -0.684093 0.233016 0.281357 0.641326 0.578225 -0.146902 0.196301 0.429758 0.852794 0.35531 -0.468526 0.014511 -0.178307 0.450446 0.169771 0.0734084 -0.0529112 0.00376025 -0.0510385 0.160769 0.496948 0.341779 0.487842 0.127598 -0.175024 -0.238433 -0.181195 -0.0733999 1.34949 0.0836655 0.0168093 0.228827 0.399111 1.32057 1.21318 0.688163 0.369859 0.3883 0.174103 -0.680113 0.817813 0.857057 0.419388 0.247498 0.0823969 0.356421 0.653593 -0.0409465 
0.310996 -0.230645 7.00161 1.42983 1.72205 -1.05966 -0.711626 0.133451 0.276425 0.264131 1.5489 -0.650437 0.64973 0.235983 0.162359 3.59758 -0.0269263 -0.663792 -0.966965 1.82447 1.09918 -0.404636 0.0364864 1.45135 1.02537 -0.774548 -0.614231 1.19105 -0.51741 1.02992 0.342133 0.112499 -0.448997 -0.935685 -0.225031 -0.687552 -0.316326 -0.336323 0.78385 -0.340595 -0.695215 -0.592369 0.0880152 -1.06163 4.53761 0.720244 0.216307 -0.307519 0.263359 4.21013 3.89436 0.171857 -0.725639 -0.656152 0.244622 -0.500076 1.37132 0.790526 1.29216 0.0903163 -0.405583 -0.340058 0.54039 0.3459 
1.10348 0.0516597 7.17097 2.30067 2.45595 0.0278618 0.0880211 1.65735 -0.12025 2.00662 2.18112 0.0275111 2.31694 -0.421476 1.10467 3.75283 -0.132715 0.0549789 0.534173 1.22433 1.87547 0.232998 0.0523671 2.13616 2.36453 -0.0168681 0.532732 1.73795 0.178035 2.57312 1.37811 -0.1276 0.329603 -1.22059 -0.0603083 1.10338 -0.49019 -0.844561 1.82546 -0.109742 1.01444 0.446659 1.63178 0.987961 4.29857 1.72785 0.113369 0.0588608 1.45842 4.2416 4.02965 1.33687 0.229807 0.992523 0.267354 0.259148 2.10233 2.29883 1.70931 -0.176978 -0.33745 0.939106 1.84423 0.190495 
-0.473625 0.0746799 0.326566 -0.155129 0.341016 -0.233397 -0.355001 0.0976283 0.0902977 0.118493 0.523751 -0.0699765 0.49998 0.058603 0.203268 0.130321 0.219379 -0.303547 0.709706 0.0766231 -0.264249 0.337554 0.206213 -0.38196 -0.0933805 0.276848 0.22818 0.0354526 -0.207791 -0.381628 -0.25754 0.150871 0.0467967 0.0543035 0.172306 -0.0532886 -0.0300843 0.260378 -0.682317 0.337364 -0.0209804 0.142109 0.023859 0.160873 -0.240626 0.152797 -0.0598334 -0.168899 0.498861 -0.173501 -0.184235 0.340114 -0.167231 0.150188 -0.384399 0.242957 0.305523 0.147756 -0.451153 0.0846159 -0.205148 -0.385376 -0.38481 0.0575443 
0.529152 -0.0854796 -0.10799 -0.130784 -0.267644 0.35073 -0.0848494 -0.296948 0.0241659 0.0660078 -0.100454 0.20226 -0.180429 -0.553365 -0.198114 0.159823 0.293542 0.124936 -0.0920515 -0.306022 0.467026 0.268831 0.44743 0.275887 0.108195 -0.292419 0.521769 -0.167658 0.18501 0.16263 -0.166756 0.0107275 -0.182898 0.212624 0.232481 -0.390304 -0.302653 0.388054 0.274528 0.0833253 0.2621 0.127461 0.0406711 0.0243842 0.196934 0.0583627 -0.0925336 0.0935312 0.22973 -0.265719 0.0460618 -0.130671 0.142566 0.502902 -0.21118 -0.0498423 -0.197477 0.0221708 -0.000228049 0.116579 0.233778 0.507788 0.0917271 0.235526 
0.234001 0.161894 0.0128361 -0.0507467 0.184619 0.427099 0.15833 -0.232878 0.10267 0.329369 -0.165067 0.0588364 -0.438492 -0.122411 0.169609 -0.183314 0.149629 -0.377779 0.019252 0.0722195 0.212723 0.242956 -0.0937046 -0.00765927 -0.239041 -0.524483 0.166847 -0.0222292 -0.281494 -0.197258 -0.57109 -0.296748 0.120259 0.293504 -0.17241 -0.0447208 -0.184127 0.13937 0.0283061 0.377389 -0.0100092 -0.123161 0.132251 0.0501115 -0.121811 -0.22149 -0.226005 0.13517 0.204027 -0.170186 -0.130144 1.02983 -0.359284 -0.338805 0.0185646 0.286389 0.0734024 0.108569 -0.298102 -0.0191849 0.10591 -0.357812 0.119642 -0.12954 
-0.202551 0.227022 0.00901559 0.056951 -0.18713 -0.372202 0.244617 -0.400158 0.183268 0.724292 -0.630452 0.376252 0.0248545 -0.150473 -0.262006 0.14477 0.25702 0.238705 0.0348087 -0.204693 0.286771 0.0755537 -0.287619 0.123736 -0.432156 -0.460257 -0.205629 0.0151793 0.458748 -0.181447 0.101729 0.543355 -0.127194 0.432413 0.249695 0.0152828 -0.0120648 0.156072 0.096308 -0.0460461 0.0871422 0.13033 0.0964112 0.164113 0.389491 0.471955 -0.306564 -0.0400058 -0.121415 -0.0145285 0.22572 0.594535 0.166705 0.2282 0.0377505 -0.860355 0.0467204 -0.0794349 0.265452 0.121988 -0.0524655 0.0442505 -0.212032 -0.292816 
3.725 -0.951179 9.52733 3.77832 3.77931 -0.116477 1.74915 3.52374 -0.445065 3.71554 2.88919 -0.597792 3.70687 -1.38746 3.59779 7.70721 -0.955462 -0.625294 4.66857 -0.463245 3.69831 -0.797441 -0.332111 3.60758 3.77385 -0.210917 4.81857 1.04495 -0.165938 3.72139 3.50423 -1.03214 -0.376616 -1.9189 -1.1178 4.13531 -0.0657023 -0.595065 3.87848 -1.14955 2.91843 3.46412 3.61428 4.82278 9.37026 3.79024 -0.534937 1.78064 3.7576 9.19911 7.97413 3.85947 2.77221 3.75491 -1.58968 -0.28313 3.80015 3.84896 3.64725 -1.0031 -0.532393 4.53185 3.80381 -1.11035 
-0.807294 
-10 
1.31579 
-1.16682 
-1.0486 
-3.97076 
-2.6932 
-0.844487 
-10 
-0.829474 
-1.23423 
-10 
-0.921536 
-10 
-1.62621 
1.65132 
-10 
-2.84335 
-0.881844 
-9.8203 
-0.960199 
-3.08025 
-10 
-1.10049 
-1.03934 
-9.98323 
-0.839977 
-1.89963 
-4.7367 
-0.990763 
-0.75756 
-10 
-2.83648 
-0.0265576 
-10 
-0.960309 
-9.99306 
-10 
-1.0079 
-10 
-0.783968 
-1.4421 
-0.764741 
-1.28673 
1.57994 
-0.845022 
-10 
-0.926131 
-0.839702 
1.55581 
1.61967 
-0.761626 
-2.06799 
-1.4998 
-10 
-9.99935 
-1.02187 
-0.906108 
-1.14257 
-9.99539 
-10 
-0.968019 
-0.88591 
-10 
2.22019 

# Training State Metadata
FILENAME tetris_model_best_20260905_214420_score9800.txt
EPSILON 0.573274
EPSILON_MIN 0.05
EPSILON_DECAY 0.995
LEARNING_RATE 0.0015
GAMMA 0.99
TRAINING_EPISODES 5455
TOTAL_GAMES 112
BEST_SCORE 9800
AVERAGE_SCORE 893
PREVIOUS_AVG_SCORE 893
