# Neural Network Model File
# Saved: 2026-09-05 21:39:57
# Filename: tetris_model_best_20260905_213957_score1100.txt
#
0.0702949 0.312796 0.237275 0.721833 0.273077 0.0861547 0.497316 -0.241074 -0.705665 0.416384 0.505079 0.426994 0.141924 -0.00886336 0.190277 -0.1923 0.306897 0.180958 0.263238 -0.177565 0.296806 -0.142835 -0.499142 0.22053 -0.504128 -0.00509042 0.297596 0.227979 -0.245456 0.452389 0.0398117 0.0765217 -0.0749396 -0.0520915 0.182741 0.583184 0.239827 0.239572 -0.205836 0.522327 0.18088 0.327912 0.310932 -0.0852006 -0.178057 -0.0224578 -0.135681 -0.0889127 0.497746 -0.109424 -0.690007 0.391881 0.733257 0.508369 -0.269822 0.1754 0.266509 0.209158 0.0793073 0.0670597 0.0386851 0.249169 0.464598 -0.00198926 
0.267496 -0.342259 0.168581 -0.0188065 0.227763 0.187983 -0.249232 -0.300006 -0.11801 -0.166668 0.0402506 0.265055 0.398285 -0.430397 -0.237914 0.346784 -0.00418159 -0.746354 0.206193 0.219216 0.103742 -0.208235 -0.251644 0.311151 -0.156174 0.489918 -0.215401 0.280961 0.0953386 0.0991053 -0.022837 -0.0467387 -0.0825444 -0.337435 -0.0293862 -0.0418215 -0.265239 -0.628747 0.513133 -0.270246 -0.230153 -0.200168 -0.129582 -0.153286 0.197468 0.3572 0.305946 0.283634 0.269909 0.193441 0.0700578 0.41001 -0.166098 -0.178205 0.0842609 -0.149767 0.250349 -0.412841 0.587877 -0.243217 0.332492 0.169235 0.205389 0.114908 
-0.0388778 0.116469 0.507965 0.164989 -0.191817 -0.201484 -0.0420039 -0.0490467 -0.366467 0.437954 -0.13058 -0.3191 -0.0760031 -0.00952878 0.103522 -0.449581 -0.0591379 -0.518512 -0.537719 -0.336234 -0.0720654 0.0716386 -0.592512 -0.333948 0.210247 -0.0445964 -0.250705 -0.453467 -0.547353 0.513564 -0.290055 -0.232299 -0.684181 0.0580779 0.0868794 -0.0545749 -0.670256 -0.236143 0.222603 -0.127264 0.22809 0.433099 0.192337 0.17381 0.30341 0.00761223 -0.498363 -0.216073 -0.129905 0.286679 0.0159637 -0.541551 -0.0360989 -0.157258 0.445269 -0.382383 -0.174452 0.350319 -0.157865 -0.133809 -0.335095 0.266792 -0.222942 -0.552776 
0.21328 -0.0048242 -0.246985 0.572178 0.189063 -0.196782 0.138364 0.0761734 0.392852 0.30688 -0.0363107 -0.185432 -0.795843 0.123787 -0.0312383 -0.0776597 -0.0208534 -0.315368 0.0431182 -0.16098 0.0743946 -0.485619 -0.230051 -0.332536 -0.435399 -0.382835 -0.322326 0.134044 -0.122621 -0.548608 -0.10197 -0.379111 -0.0673935 -0.381335 -0.165756 -0.0989366 -0.0811206 -0.404263 0.417734 -0.15677 0.38719 0.311133 -0.102302 -0.264068 0.0920321 -0.190376 0.0142268 -0.0586065 0.0886331 0.2077 -0.0665663 0.201675 -0.384949 -0.0648015 -0.0392229 -0.499519 0.463413 0.162793 0.152564 -0.380433 -0.346535 0.0730085 -0.00687899 -0.315779 
0.00213829 -0.152801 0.179291 0.281709 -0.156865 -0.859385 -0.375519 0.0629096 -0.397581 -0.0896424 -0.234074 0.630097 0.286381 0.00600533 -0.172394 -0.073069 0.080849 0.017538 -0.164856 -0.212654 -0.109115 0.196999 0.0284939 0.0192195 -0.634356 -0.278575 -0.125098 -0.530738 -0.171254 -0.040049 -0.542031 0.706921 0.0932827 -0.508857 0.160556 -0.50782 -0.185025 -0.318941 0.0495876 -0.0806973 -0.105313 0.56393 -0.0530953 -0.467505 0.328762 0.0811706 -0.402343 -0.372716 -0.0786626 0.0657777 0.0619828 0.0407313 0.0991309 0.159089 0.422847 -0.0690193 0.0782431 -0.0844718 0.255119 0.144392 0.222823 -0.0929351 -0.0446032 0.154633 
-0.0242884 -0.401049 -0.341095 0.338584 -0.1246 0.362675 0.0799209 -0.00834677 -0.105183 0.0625756 -0.297854 -0.372291 -0.262201 -0.307094 0.0630835 -0.173298 -0.0131533 0.307576 0.26986 -0.210483 0.152253 -0.233506 -0.168764 -0.0548473 -0.166979 0.205123 0.0385931 0.4584 -0.293479 0.0178782 -0.265405 -0.565825 0.124652 0.279953 -0.170101 0.179798 -0.0195877 -0.0452886 -0.0364581 -0.136017 -0.145601 0.192487 0.269831 0.364449 -0.330115 0.522733 0.247885 -0.275638 0.299856 0.414379 -0.495719 -0.314118 0.12333 0.0591805 0.475915 0.0953388 -0.174378 0.49512 0.178125 0.0289195 0.311327 -0.510367 0.381562 0.235486 
-0.0119961 -0.222232 0.0885592 -0.0876217 0.147325 -0.221898 -0.0241223 0.262053 -0.477257 -0.218184 -0.115699 -0.321293 0.0630762 0.0774661 -0.418219 0.0552661 0.052103 0.191597 -0.0525273 0.407449 -0.134978 0.0561687 0.188776 -0.0682013 0.522056 0.0275858 -0.45382 -0.66139 0.301083 0.192626 0.0828907 -0.25472 0.21652 -0.218259 0.200006 -0.40726 -0.609418 0.0246651 0.269419 -0.362933 -0.0234075 -0.44867 -0.113469 -0.22086 -0.105633 0.300459 -0.517933 -0.172339 -0.0689414 0.344532 0.464503 -0.116687 -0.155898 -0.213613 -0.365273 -0.0454734 0.0641329 0.411854 0.227538 -0.111037 0.307616 0.00169815 -0.087725 0.0497463 
0.243851 0.142284 -0.00769618 0.370695 0.01201 0.126845 0.353659 0.588091 -0.221295 0.525451 0.290739 0.0527748 0.448397 -0.173902 0.38043 -0.223659 0.125715 -0.633725 -0.0164252 -0.708256 0.280047 -0.0186901 -0.250244 -0.110885 0.851683 0.211334 -0.148852 -0.164745 -0.448151 -0.114467 0.0513327 0.186443 0.0285464 -0.0874126 0.294113 0.188986 0.396286 0.500483 0.332537 -0.112784 0.183361 -0.139331 0.0826783 -0.115905 -0.389889 -0.0793833 -0.391161 -0.417079 0.530302 0.00073795 -0.383675 0.216366 0.112075 0.374466 -0.0953047 -0.365029 0.0639522 0.630618 0.100074 0.076858 -0.37852 0.154074 0.607742 -0.12284 
-0.0234112 -0.0918078 0.539793 0.0886433 -0.402063 -0.530639 -0.205282 0.0704946 -0.152705 -0.326953 -0.423937 0.0471864 0.0813093 -0.0413003 0.209805 0.360936 -0.450635 -0.718813 -0.20796 -0.113486 0.0135399 -0.155331 0.261312 -0.178996 -0.0900794 -0.485563 -0.0893632 0.100543 -0.276138 0.202945 -0.536211 0.399564 -0.421064 -0.159057 0.154274 -0.49284 -0.388565 -0.261397 0.202953 -0.182447 -0.278779 -0.556864 -0.23897 -0.542212 0.0439024 0.201481 -0.250255 0.151427 -0.221922 0.201889 0.00398431 -0.53303 -0.292662 -0.66284 0.408414 -0.689863 -0.12607 0.128829 0.207419 0.0266645 -0.0244235 -0.267361 0.20876 -0.336731 
0.155271 -0.22037 -0.336424 -0.501312 -0.0969965 -0.505829 -0.578005 -0.260657 -0.0120619 -0.265725 -0.248839 -0.43262 0.101402 -0.0382427 -0.286549 0.0162857 0.0567862 0.0674371 -0.262905 -0.26154 -0.0286684 -0.0834749 0.0210691 -0.279706 -0.459765 -0.584422 -0.687822 -0.62887 0.0576491 -0.69826 0.158974 -0.341989 0.0481813 -0.285292 0.115769 -0.141244 -0.451661 -0.21591 -0.443392 -0.331219 -0.257435 0.0265128 -0.0628129 -0.484969 0.290505 -0.312319 -0.453455 0.0864781 -0.14535 0.0238119 0.00422629 -0.690762 0.087372 -0.352253 -0.139277 0.0546269 -0.119127 -0.379674 -0.27141 -0.0668481 -0.0972596 -0.848871 0.20402 -0.290346 
-0.100758 -0.453007 0.56032 0.0232486 0.19654 -0.279705 -0.00268921 0.446349 0.323401 -0.0753166 0.192917 -0.573682 -0.443157 -0.280285 -0.193116 0.166723 -0.551186 -0.559251 0.000790735 -0.0829266 0.150234 -0.37492 -0.538209 0.742021 0.267266 -0.46845 -0.0663796 -0.489808 -0.684284 0.353961 0.0947267 -0.0398527 -0.7121 -0.0790009 -0.309265 -0.157543 0.0722712 -0.226986 0.497757 -0.165204 -0.186081 -0.176012 0.0556899 -0.123973 0.224842 0.0876431 -0.149154 -0.317599 -0.0281908 0.33649 0.120644 0.398467 0.133861 0.0617919 -0.605017 -0.632096 0.00702993 0.23043 0.728391 0.163356 -0.136272 -0.0476786 0.552576 -0.584363 
0.00361171 -0.0426401 0.0769642 -0.385422 -0.080603 -0.0685337 -0.101394 0.394733 -0.375516 0.0242326 0.0405492 -0.0175279 -0.0569841 0.161182 -0.0863209 -0.227007 -0.152696 -0.229704 0.0326303 0.112921 -0.442422 -0.246 -0.0889142 0.485101 0.423618 0.293851 -0.0859694 0.523196 0.00264937 0.249741 -0.319175 -0.225215 -0.262724 0.292507 -0.291317 -0.0488194 0.0715511 -0.325314 0.069004 -0.126842 0.521525 0.436375 0.0499471 -0.14507 0.155767 0.159327 -0.130431 0.146443 0.190668 0.116082 -0.00918514 -0.159701 0.282256 0.333767 0.00586335 -0.118098 -0.253493 -0.00055205 0.0266284 0.129305 0.21586 -0.123386 -0.126278 0.480697 
-0.485801 0.179056 -0.204248 0.584832 0.0851639 -0.206787 0.0192009 -0.0754943 0.520895 -0.273864 -0.126931 -0.431596 -0.0462237 0.429626 -0.164585 -0.0217907 0.085847 0.323955 -0.177364 -0.298454 -0.0491202 0.144472 -0.316862 0.47286 -0.148622 0.416354 -0.0259905 0.176189 -0.149054 -0.246301 0.0851078 0.301368 0.219535 -0.127254 -0.529149 -0.366511 -0.0193357 -0.0467391 -0.0879812 0.130976 -0.276305 0.129039 -0.0811459 -0.420994 0.0506654 -0.344168 -0.0500247 -0.173116 0.160298 -0.183319 0.183247 0.073666 0.157838 0.249187 0.340878 0.344656 0.30376 -0.11119 -0.157302 -0.269841 0.0556627 -0.260631 0.118618 -0.23192 
0.646378 0.454954 -0.250814 0.0841813 0.599485 0.23304 0.259058 0.173077 -0.0433795 0.289707 0.0551317 0.0479922 0.357148 0.0930145 -0.200447 0.0128747 -0.272362 0.0382843 0.38792 -0.271818 0.0964031 -0.423927 0.158592 0.353688 0.51183 0.124551 0.421211 -0.2287 0.360881 0.367298 0.63498 -0.0441378 0.230812 0.263931 -0.198205 0.567394 0.0405806 0.039192 0.384251 0.740048 0.151894 0.221784 0.231864 0.726736 -0.143617 0.533372 0.0893366 -0.286167 0.787608 -0.52505 0.183837 0.0893432 -0.299429 0.597084 -0.137581 -0.2544 0.645305 0.302122 0.59206 -0.146654 0.114941 0.160139 0.203649 -0.414107 
0.318672 0.232854 -0.586672 0.377996 0.374274 -0.0263807 0.242027 0.301178 -0.123799 0.280942 -0.0732683 -0.142558 0.754594 -0.353673 0.144351 -0.447459 -0.103074 0.0505875 0.878211 0.248798 0.226432 0.872663 0.181696 -0.153082 0.552498 0.0900844 0.601314 0.310124 -0.258532 0.153862 0.614325 0.20502 0.000128653 0.465558 -0.0443281 -0.0717277 -0.101056 0.025391 0.407467 0.106265 0.627667 0.36443 0.472671 0.632873 -0.124948 0.559363 -0.0794686 0.0443481 0.670264 -0.102826 -0.321159 0.38071 0.476269 0.392585 -0.722045 0.352556 0.50504 0.261194 0.226326 -0.221808 0.191518 0.0619306 0.541172 -0.264604 
0.423672 0.495235 -0.298631 0.174217 0.743907 0.0079909 0.458713 0.302157 0.0618832 0.362698 0.185997 0.113905 0.57602 0.0981434 0.444795 -0.231332 -0.193496 0.542419 0.180887 0.511205 0.165626 0.191607 0.1101 0.334224 0.613401 0.2692 0.0962784 0.421008 1.02326 0.578137 0.563865 -0.165073 0.313576 0.668943 -0.454425 0.0964345 0.212186 0.166212 0.180515 0.247466 0.343479 0.151202 -0.070583 -0.181137 -0.291157 0.39273 0.0281287 0.490285 0.191783 0.110336 0.102311 -0.0198897 0.139092 0.0632229 -0.10425 0.179816 0.532555 0.174138 0.653985 0.634694 -0.353391 0.464739 0.590973 0.0359445 
0.667596 0.0100866 -0.230266 0.123367 0.473627 0.209326 0.335672 0.138163 0.315711 0.223719 -0.146864 -0.0167813 0.510898 -0.0362453 0.0265352 0.112068 -0.0505597 0.703103 0.248895 0.0169387 0.109665 -0.397345 0.13794 0.510439 0.585068 0.428607 -0.127915 0.321245 -0.428567 0.59711 0.379748 -0.1901 0.465622 0.0356741 0.285882 0.369797 0.278964 0.396508 -0.0294257 0.656427 -0.288687 0.0287691 0.794316 0.128856 -0.410784 0.334744 -0.165246 0.172953 0.727944 0.0485001 0.0615609 0.708877 0.259721 0.40743 -0.31355 0.311334 0.105255 0.352311 0.330907 -0.515313 -0.015366 0.597991 0.430877 0.415608 
0.256858 0.396461 -0.0386652 0.551455 0.191626 0.292685 0.46305 0.400048 -0.150855 0.475414 -0.250691 -0.0452886 0.37702 -0.171665 0.135471 -0.0974897 0.155146 0.407821 0.394189 -0.304489 0.307509 0.0798769 0.0171694 0.270731 0.280271 0.088707 0.640399 0.19784 -0.258483 0.474068 0.242589 0.00660787 0.371489 0.725266 0.25478 0.555927 0.419032 0.154592 0.566805 0.275385 0.38982 1.01135 0.190882 -0.0530766 -0.0859852 -0.0524758 0.187749 -0.296304 0.477029 -0.138647 -0.548243 -0.138821 0.198019 -0.0597205 0.212479 0.192079 0.675176 0.410679 -0.115282 -0.164318 -0.0559286 0.535664 0.20095 0.136599 
0.514351 -0.234808 0.0538488 0.0676187 0.204316 0.674862 0.323879 0.217817 -0.393352 0.665869 -0.270017 -0.102823 0.335099 -0.261395 0.0247715 0.167347 -0.0332583 -0.14155 0.214737 0.325289 0.422229 -0.390545 0.188053 0.115977 -0.0588467 0.230902 0.752084 0.308916 0.14586 0.683086 0.10923 0.0146779 -0.078232 0.571626 -0.220412 0.0189122 0.399587 0.284554 0.47204 -0.352751 0.809237 0.316127 0.285398 0.695201 -0.399226 0.901961 -0.147211 0.129848 0.460374 -0.281413 0.112974 0.19747 0.498179 0.384968 -0.456105 0.627764 0.701053 0.124856 0.565175 0.0587568 0.33281 0.424421 0.119984 -0.388427 
0.271512 0.373491 -0.260664 0.588914 0.280601 0.289137 0.36461 -0.0768009 -0.63246 0.538439 0.22001 0.268985 0.314797 0.700241 0.391211 0.181422 -0.489888 -0.272463 -0.00419722 -0.0858526 0.656891 0.357608 -0.145446 0.368079 0.468523 -0.000411585 0.425566 0.174985 0.177665 0.313828 0.140009 0.257127 -0.451327 -0.273422 -0.152461 0.280956 0.528378 -0.0900376 0.728588 -0.155418 0.394582 0.386102 0.198334 0.136647 -0.189103 0.295812 -0.51988 0.593213 0.440237 -0.266357 0.210436 0.632936 0.163356 0.884134 0.0504423 0.0426764 -0.0109768 0.802775 0.298355 0.840514 0.159438 0.220741 0.497534 0.0301593 
0.0252492 -0.1372 0.241553 0.368836 -0.13982 -0.421848 -0.558604 0.70024 -0.015744 -0.200129 0.539802 -0.109777 -0.381991 -0.0463552 0.0862502 0.329618 -0.76007 -0.223681 0.228161 0.170323 0.0906486 0.0807577 0.0722301 -0.137702 0.309883 -0.361433 -0.599591 -0.611137 0.222376 -0.0620199 -0.0790636 -0.0201465 -0.466929 -0.168013 -0.070207 0.00430021 0.367674 0.184385 -0.0355016 0.00587954 -0.184865 -0.275207 -0.450218 -0.351612 0.142657 -0.297943 0.0792979 0.148897 0.0226042 0.201236 0.168746 0.420725 0.108825 0.352989 0.283171 -0.532261 0.282447 0.417572 -0.169755 0.242352 -0.0666023 0.104201 0.230333 -0.05389 
-0.0925056 -0.309241 0.325775 -0.0724546 0.458853 -0.439572 0.0556943 -0.428325 0.296933 -0.249034 0.0381111 -0.705998 -0.261389 0.113796 0.0750536 0.0386943 -0.112796 -0.301946 -0.284542 -0.415172 0.0905254 -0.168727 0.0630628 0.0874556 -0.218148 -0.432999 -0.03082 -0.472613 -0.499334 -0.0826227 0.230358 0.104087 -0.504544 0.149189 -0.197325 -0.271946 -0.25924 -0.464904 -0.367061 -0.476922 -0.0440628 0.0885212 -0.112013 -0.593648 0.207483 0.114134 0.181421 -0.110389 -0.316484 -0.0243975 0.0984591 -0.00234465 -0.289457 -0.110411 0.186431 -0.477724 0.159228 -0.0129516 -0.16574 0.0818282 -0.325326 -0.30437 -0.203537 0.244852 
-0.25673 -0.235823 0.399654 0.287913 0.544088 -0.0818189 -0.113441 0.183156 -0.268695 0.566 0.197978 -0.292515 0.608315 -0.644074 0.16614 0.212251 -0.356543 -0.324596 -0.051754 -0.680445 0.105841 -0.120812 -0.199058 0.180999 0.467588 -0.218545 -0.0878603 -0.10939 -0.0485705 0.737773 0.246481 -0.216808 0.248295 -0.566437 -0.314162 0.263433 -0.67014 -0.976211 -0.0294304 -0.31915 0.527761 -0.0771613 0.424788 0.311795 -0.0967577 0.224621 -0.0733917 -0.27907 -0.0301131 0.0212116 0.246614 0.142391 -0.215612 0.431098 0.380805 -0.110947 0.216474 0.651606 -0.285986 -0.123808 -0.422243 0.00913165 0.238216 0.063837 
-0.473625 0.0746799 0.326566 -0.155129 0.341016 -0.233397 -0.355001 0.0976283 0.0902977 0.118493 0.523751 -0.0699765 0.49998 0.058603 0.203268 0.130321 0.219379 -0.303547 0.709706 0.0766231 -0.264249 0.337554 0.206213 -0.38196 -0.0933805 0.276848 0.22818 0.0354526 -0.207791 -0.381628 -0.25754 0.150871 0.0467967 0.0543035 0.172306 -0.0532886 -0.0300843 0.260378 -0.682317 0.337364 -0.0209804 0.142109 0.023859 0.160873 -0.240626 0.152797 -0.0598334 -0.168899 0.498861 -0.173501 -0.184235 0.340114 -0.167231 0.150188 -0.384399 0.242957 0.305523 0.147756 -0.451153 0.0846159 -0.205148 -0.385376 -0.38481 0.0575443 
0.529152 -0.0854796 -0.10799 -0.130784 -0.267644 0.35073 -0.0848494 -0.296948 0.0241659 0.0660078 -0.100454 0.20226 -0.180429 -0.553365 -0.198114 0.159823 0.293542 0.124936 -0.0920515 -0.306022 0.467026 0.268831 0.44743 0.275887 0.108195 -0.292419 0.521769 -0.167658 0.18501 0.16263 -0.166756 0.0107275 -0.182898 0.212624 0.232481 -0.390304 -0.302653 0.388054 0.274528 0.0833253 0.2621 0.127461 0.0406711 0.0243842 0.196934 0.0583627 -0.0925336 0.0935312 0.22973 -0.265719 0.0460618 -0.130671 0.142566 0.502902 -0.21118 -0.0498423 -0.197477 0.0221708 -0.000228049 0.116579 0.233778 0.507788 0.0917271 0.235526 
0.234001 0.161894 0.0128361 -0.0507467 0.184619 0.427099 0.15833 -0.232878 0.10267 0.329369 -0.165067 0.0588364 -0.438492 -0.122411 0.169609 -0.183314 0.149629 -0.377779 0.019252 0.0722195 0.212723 0.242956 -0.0937046 -0.00765927 -0.239041 -0.524483 0.166847 -0.0222292 -0.281494 -0.197258 -0.57109 -0.296748 0.120259 0.293504 -0.17241 -0.0447208 -0.184127 0.13937 0.0283061 0.377389 -0.0100092 -0.123161 0.132251 0.0501115 -0.121811 -0.22149 -0.226005 0.13517 0.204027 -0.170186 -0.130144 1.02983 -0.359284 -0.338805 0.0185646 0.286389 0.0734024 0.108569 -0.298102 -0.0191849 0.10591 -0.357812 0.119642 -0.12954 
-0.202551 0.227022 0.00901559 0.056951 -0.18713 -0.372202 0.244617 -0.400158 0.183268 0.724292 -0.630452 0.376252 0.0248545 -0.150473 -0.262006 0.14477 0.25702 0.238705 0.0348087 -0.204693 0.286771 0.0755537 -0.287619 0.123736 -0.432156 -0.460257 -0.205629 0.0151793 0.458748 -0.181447 0.101729 0.543355 -0.127194 0.432413 0.249695 0.0152828 -0.0120648 0.156072 0.096308 -0.0460461 0.0871422 0.13033 0.0964112 0.164113 0.389491 0.471955 -0.306564 -0.0400058 -0.121415 -0.0145285 0.22572 0.594535 0.166705 0.2282 0.0377505 -0.860355 0.0467204 -0.0794349 0.265452 0.121988 -0.0524655 0.0442505 -0.212032 -0.292816 
1.98557 0.146213 -0.0954075 2.54399 2.2048 1.36149 1.88283 1.72029 -0.278608 1.95423 1.68065 -0.261433 1.92219 -0.432237 1.57982 -0.120767 -0.153927 1.26329 1.74409 0.0668653 1.93705 -0.12669 -0.25247 2.14076 2.1938 1.56081 1.77456 1.24847 0.484942 2.02172 1.87179 -0.279807 0.613316 1.3217 -0.312064 1.63305 1.08506 1.03164 2.21147 0.139413 1.77409 2.02871 1.92467 1.5849 -0.135297 2.03982 -0.13366 0.258153 1.97395 -0.0333083 -0.320454 2.13753 1.77878 1.9841 -0.272716 0.909605 2.20725 2.00119 2.33694 -0.559965 -0.0907256 1.52726 1.95037 -0.454276 
-2.18316 
-0.739249 
0.610224 
-2.83389 
-2.53269 
-1.23515 
-2.06571 
-2.08496 
-0.00116548 
-2.3029 
-1.87576 
-0.632541 
-2.27159 
-0.470871 
-1.84797 
0.0994215 
-0.562188 
-1.37394 
-1.84055 
-0.9753 
-2.27066 
-0.525277 
-0.58012 
-2.44003 
-2.49235 
-1.43091 
-1.81155 
-1.11634 
-1.29924 
-2.42819 
-2.08312 
-0.165185 
-1.06974 
-1.31362 
0.0964212 
-1.79331 
-1.10758 
-1.45892 
-2.53696 
-1.15843 
-2.05602 
-2.13368 
-2.13625 
-1.50556 
0.285205 
-2.29787 
-0.729169 
-0.824696 
-2.29712 
0.536498 
0.208966 
-2.27281 
-1.91191 
-2.15588 
0.617761 
-1.20302 
-2.55746 
-2.44706 
-2.64357 
-0.12478 
-0.475089 
-1.82983 
-2.33231 
-0.288928 
0.953993 

# Training State Metadata
FILENAME tetris_model_best_20260905_213957_score1100.txt
EPSILON 0.990025
EPSILON_MIN 0.05
EPSILON_DECAY 0.995
LEARNING_RATE 0.0015
GAMMA 0.99
TRAINING_EPISODES 91
TOTAL_GAMES 3
BEST_SCORE 1100
AVERAGE_SCORE 200
PREVIOUS_AVG_SCORE 200
