# Neural Network Model File
# Saved: 2026-09-05 21:43:07
# Filename: tetris_model_best_20260905_214307_score6800.txt
#
0.302499 0.440285 7.71969 1.45252 0.870183 -1.85508 -0.213599 0.0380724 -0.559366 0.691073 1.17281 0.509869 0.566056 0.00568342 -1.09676 4.44116 0.434771 -0.811239 -0.747575 1.7603 0.754712 -0.54395 -0.425725 0.861902 0.0760282 -1.55165 -0.675381 1.31671 -0.672319 0.979974 0.146651 -0.00279685 0.160285 -1.95967 0.116632 -0.737948 0.348154 0.523217 0.335135 0.578266 0.0810677 0.0612108 0.457834 -1.53595 5.17862 0.29964 -0.0184111 -0.666411 0.789732 5.22348 4.18447 0.509719 0.0177487 0.196511 -0.222098 0.537341 0.85771 0.567826 0.79139 -0.0866439 0.00175368 -0.360138 0.796206 0.103045 
0.861996 -0.202622 7.20365 1.05572 1.17205 -0.859507 -0.5557 0.336789 -0.0207411 0.472826 1.01463 0.405567 1.17686 -0.325218 -1.19008 4.70032 0.131356 -1.33031 -0.320194 1.87702 0.912602 0.0396935 -0.196159 1.29045 0.773444 -0.0632713 -0.671419 1.72723 -0.148235 0.976036 0.44737 -0.0694054 0.452416 -1.49287 -0.0778 -0.980581 -0.0457047 -0.583954 1.40818 -0.154179 0.0539777 -0.0732718 0.384232 -1.11657 5.23329 1.03971 0.368177 0.688531 0.925477 5.12996 4.64116 0.902421 -0.483133 -0.091323 0.016554 0.405927 1.19076 0.310533 1.63853 -0.113406 0.348448 0.15814 0.899862 0.212771 
1.13535 0.0568733 7.00732 1.77258 1.30066 -0.348769 0.335399 1.16926 -0.246344 1.6537 1.39242 -0.137601 1.26899 0.0385023 -0.091495 3.31955 0.102555 -0.0632907 -0.307402 0.95699 1.2989 -0.00717628 -0.38114 1.18865 1.69271 0.342168 0.0927645 1.13529 0.275693 1.94185 0.777496 -0.192437 -0.377673 -0.422453 0.220427 -0.264164 -0.85801 -0.420635 1.67038 0.0190107 1.13442 1.19697 1.29245 0.042369 4.74818 1.25919 -0.391576 0.470957 1.10093 4.59915 3.9971 0.54526 0.33503 0.576496 -0.0112175 -0.86129 1.31335 1.64433 1.42717 -0.0321502 -0.707704 0.659129 1.04495 -0.42899 
1.14169 0.0533033 6.70536 1.69411 1.27588 -0.19989 0.501061 1.03918 0.309788 1.2571 1.06173 -0.0876075 0.228595 0.177041 -0.216859 3.72292 0.0067665 0.369762 0.414579 0.878363 1.11398 -0.53353 -0.0829882 0.769762 0.645457 0.0623267 0.245963 0.914992 -0.165304 0.513648 0.749383 -0.432949 0.0848603 -0.691304 -0.176623 -0.128438 -0.236375 -0.497069 1.48577 -0.15928 1.15792 0.974906 0.785807 -0.0589697 4.71917 0.780068 0.0986682 -0.589434 1.04804 4.62662 3.96298 1.08209 -0.0175984 0.581729 -0.0511422 -0.846455 1.54687 1.15779 1.27058 -0.489309 -0.501278 0.477251 0.978467 -0.278522 
0.496099 0.10364 7.30507 0.93921 0.46911 -1.22096 -0.41328 0.584057 -0.476459 0.419934 0.423516 0.616156 0.862656 0.207527 -0.670614 3.78168 0.0998978 0.57044 -0.208773 1.06255 0.478409 0.358122 0.189863 0.660991 -0.0128554 0.127499 0.0153052 0.300783 0.605076 0.566313 -0.123575 0.721837 0.442463 -0.96756 -0.0313488 -0.863932 0.126921 0.172968 0.658839 -0.119755 0.242976 0.808938 0.403353 -0.515771 5.04846 0.609251 -0.216765 -0.373783 0.437742 4.62469 4.13637 0.487292 0.0659858 0.388005 0.667324 0.206754 0.702309 0.458318 0.909263 0.0918813 0.0880906 0.0764696 0.490681 0.142302 
0.527655 -0.36848 6.27866 1.17704 0.64258 -0.391597 -0.0120004 0.572968 -0.0935463 0.638692 0.512485 -0.438384 0.404484 -0.0174695 -0.576335 3.57202 -0.0185277 0.467097 0.125239 1.28373 0.838229 -0.347017 0.0366949 0.739338 0.58863 -0.0914025 0.0302433 0.806656 -0.0670722 0.743765 0.183366 -0.558608 0.192383 -0.395339 -0.281705 -0.352243 0.165781 0.453827 0.695834 -0.13937 0.19855 0.424562 0.770161 -0.10476 4.15637 1.12718 0.283958 -0.696423 0.887325 4.78239 3.44971 0.169919 0.032482 0.267088 0.623148 0.342105 0.587146 1.12049 1.00606 0.115369 0.355548 -0.787359 0.993869 0.204603 
0.846732 -0.0656171 7.51537 1.21095 1.33452 -1.05105 -0.0153942 1.15851 -0.366948 0.68051 1.09953 -0.259568 1.09106 0.439782 -1.11314 4.51904 0.143608 0.843269 -0.396436 1.93477 0.922546 -0.324001 0.394383 1.15311 1.69156 -0.0570545 -0.701049 0.206974 0.275405 1.31575 0.80409 -0.22902 0.419537 -0.748684 0.0360994 -0.992485 -0.395256 0.452007 1.40588 -0.132735 0.538817 -0.0207869 0.671612 -0.934247 5.12751 1.24193 -0.416012 -1.17876 0.846774 5.45579 5.16041 0.644509 -0.161714 0.176043 -0.0965099 0.277195 1.24479 1.3894 1.50816 -0.0526857 0.397168 -0.568527 0.866051 0.147822 
0.916159 0.231523 6.65563 1.40035 0.959269 -0.724987 0.287784 1.30316 -0.103767 1.23243 1.26922 0.119914 1.26771 -0.0994465 -0.342875 3.65156 0.166566 -0.758213 -0.510886 0.795173 1.12685 -0.0943036 -0.164403 0.863963 1.78451 -0.260716 -0.492646 0.696401 -0.290894 0.781337 0.608753 0.15772 -0.253127 -0.845222 0.00127504 -0.45456 0.542954 0.622492 1.23941 0.0794045 0.606571 0.16233 0.692856 -0.766991 4.17445 0.665441 -0.324854 -0.886957 1.25267 4.56031 3.7349 0.8051 0.0374034 0.643983 0.10718 -0.129492 1.00489 1.40951 1.12 0.0445728 -0.207591 -0.345883 1.3675 -0.0173123 
1.17303 -0.134228 6.67321 1.63751 1.05725 -0.949708 0.282403 1.29317 -0.0268375 0.910978 0.99761 0.196276 1.41769 -0.00994687 0.138862 3.9366 -0.319859 -0.788501 -0.0720998 1.41075 1.36789 -0.0760781 0.418833 1.29518 1.35736 -1.55866 0.201539 1.30332 -0.434855 1.61419 0.545883 0.422556 -0.43339 -1.09446 0.0795438 -0.546689 -0.789215 -0.19259 1.63052 -0.0219107 0.680369 0.290897 0.898014 -0.475174 4.26763 1.47141 -0.116324 0.407278 1.02835 4.30596 3.7798 0.594366 0.179474 0.153711 0.39862 -1.16211 1.33171 1.4382 1.73541 -0.00702871 -0.200858 -0.128441 1.4918 -0.165958 
1.29711 -0.235678 6.13641 1.02207 1.32915 -1.6251 -0.196527 0.909945 0.112704 0.920603 1.14138 -0.353102 1.39642 -0.110368 -0.467429 3.95085 0.170718 -0.532932 -0.201873 1.11768 1.28489 -0.1579 0.142781 1.1624 0.953489 -2.35458 -0.515507 0.367529 -0.728124 0.676545 1.1816 -0.443353 -0.275716 -1.64103 0.219133 -0.315084 -1.32064 -0.359513 0.948038 -0.170698 0.624743 0.786205 1.01342 -0.735054 4.86836 0.909117 -0.294238 0.00910679 1.05411 4.47707 4.14449 0.3728 0.457796 0.373175 -0.40781 -0.817359 1.30602 0.881893 1.2282 -0.251448 -0.550865 -0.993106 1.43784 -0.124057 
1.61625 -0.171593 9.61121 2.10737 2.19589 -0.952324 0.83393 2.20014 0.492953 1.68133 2.17429 -0.305342 1.42772 0.00280724 -0.173006 5.57724 -0.349541 -0.214857 0.550107 2.19271 2.04249 0.142023 -0.131317 2.76226 2.25132 -0.967427 0.597 1.35429 -0.211791 2.30361 1.68215 0.0319813 -0.755143 -1.04142 -0.177122 -0.00844664 0.234872 0.0272207 2.45953 0.0993165 1.25943 1.11812 1.70574 -0.0856085 6.74166 1.88072 0.0788755 0.0966653 1.74305 6.66562 5.85513 2.03397 0.966488 1.32556 -0.5885 -0.343349 2.00386 2.06067 2.79722 0.216107 -0.094319 0.528783 2.35936 -0.403461 
1.21332 0.208815 0.344961 0.909276 1.19178 0.770139 0.944901 1.61309 -0.147783 1.24175 1.32311 0.223196 1.1869 0.410859 0.829153 -0.535138 0.0735467 0.786638 1.03577 1.07827 0.806928 0.430893 0.19547 1.76407 1.69423 1.08407 0.94928 1.73532 0.731559 1.50992 0.868622 0.00072887 0.459294 0.971917 -0.031035 0.882663 0.51173 0.0375759 1.33281 0.131879 1.67597 1.56207 1.24453 0.792933 -0.0080388 1.38422 0.144241 0.817559 1.41108 -0.0731247 -0.276812 1.03155 1.32634 1.45258 0.154354 0.370338 1.01803 1.23223 1.3172 0.370409 0.546682 0.89457 1.10152 0.709819 
0.526147 0.38037 0.955325 1.65176 1.14083 0.375596 0.887911 0.941896 0.693401 0.743861 0.922046 -0.224141 0.989249 0.629892 0.553748 0.382305 0.267112 1.28135 0.62941 0.476712 0.98962 0.584499 -0.027491 1.53168 0.903715 0.933908 0.784701 1.2353 0.370877 0.802301 1.07678 0.506745 0.619075 0.208429 -0.256459 0.389634 0.250138 0.200636 0.961344 0.309888 0.691987 1.07339 0.920407 0.28799 0.659335 0.679785 0.159335 0.350945 1.18025 0.367737 0.645155 1.0722 1.02567 1.18904 0.378587 0.621212 1.35934 0.917379 0.908544 -0.129465 0.296596 0.562994 1.14387 -0.0618387 
2.95545 0.875244 -0.315941 2.31202 2.86464 1.14089 2.45547 2.48766 0.296451 2.59713 2.30986 0.462449 2.65911 0.398152 1.78783 -0.963768 0.0657165 0.355712 2.61906 0.506165 2.39118 0.149123 0.510639 2.60725 2.7833 0.896298 2.6935 0.438317 0.888641 2.64414 2.95297 0.245865 0.731012 1.55227 0.0944904 2.56985 0.660841 0.0752626 2.66182 0.685137 2.44732 2.49453 2.54059 2.74247 -0.86834 2.83309 0.346347 0.336814 3.09468 -1.31482 -0.722259 2.39976 1.88958 2.86673 -0.473561 0.552158 2.90937 2.60883 2.82703 0.165558 0.312556 1.02696 2.51186 -0.104488 
2.22722 0.359176 -0.849645 2.04386 2.11762 1.57293 2.37091 2.19667 0.198647 2.17976 1.55823 0.274024 2.58046 -0.0365981 2.30956 -1.57142 0.201834 1.07682 3.29111 0.844846 2.0331 2.51356 0.745413 1.553 2.29792 1.09714 3.01903 1.35916 -0.280457 1.93429 2.56637 0.678991 0.527427 1.68098 0.174505 2.00757 0.0747089 0.249062 2.18231 0.372207 2.66424 2.43728 2.42019 2.76195 -1.00557 2.43797 0.314735 0.0886712 2.56408 -1.02183 -1.36009 2.3509 2.62168 2.48693 -0.558456 0.419143 2.25503 2.13352 1.89947 0.106075 0.642962 1.75979 2.42584 0.0560757 
2.19187 0.725974 0.0671697 1.91984 2.49901 1.28808 2.25032 2.064 0.355473 2.13057 1.87831 0.462876 2.33113 0.416304 2.25587 -0.633301 0.0855581 2.52421 2.12461 0.819787 1.91896 1.5835 0.507449 2.07866 2.36186 0.638149 2.01916 2.40132 2.99202 2.34069 2.33758 0.148742 0.331493 1.23192 -0.131676 1.8568 0.539484 0.671571 1.93974 0.460966 2.13598 1.95153 1.70868 1.49388 -0.532301 2.15576 0.304062 2.27276 1.95653 -0.162064 -0.261462 1.76744 1.93852 1.8708 -0.0943142 0.420817 2.29216 1.9395 2.39483 0.947012 -0.0414713 2.43026 2.35707 0.358196 
2.51218 0.255596 0.422807 1.95808 2.30122 1.35231 2.19566 1.97526 0.543818 2.06285 1.70872 0.29876 2.34421 0.242013 1.94068 -0.303966 0.252979 2.388 1.99334 0.825301 1.93758 0.243162 0.648332 2.34326 2.4113 1.1319 1.58659 2.26754 0.581712 2.42793 2.22826 0.104721 2.11996 1.10931 0.713801 2.29455 0.413676 0.657092 1.7961 0.637967 1.56613 1.89635 2.64431 1.86498 -0.484435 2.17542 0.114078 1.72859 2.56727 -0.108184 -0.297659 2.55421 2.1336 2.2746 -0.354014 0.198947 1.93302 2.18188 2.16372 -0.19749 0.427271 2.56486 2.26329 0.729383 
2.26599 0.775476 -0.0716985 2.43965 2.11935 1.55577 2.59178 2.40644 0.270452 2.46763 1.67583 0.359357 2.3505 0.205834 2.3295 -0.952196 0.284833 1.32354 2.44081 0.709107 2.27512 1.09614 0.658029 2.19687 2.2087 0.683186 2.65664 0.628449 0.316487 2.42212 2.28357 0.328831 0.7954 1.52724 0.806089 2.70572 0.442571 0.218273 2.50692 0.769488 2.46162 3.0964 2.21603 2.1019 -0.708873 1.93109 0.593575 0.620224 2.46481 -0.817092 -1.32951 1.88863 2.34213 2.03467 0.0492917 0.505847 2.60558 2.38328 1.78668 0.229111 0.560739 2.28904 2.18213 0.460816 
2.77754 -0.0445324 -1.04429 1.98178 2.23102 2.43073 2.884 2.45102 -0.180909 2.90852 1.66219 0.192601 2.47909 -0.0690878 2.45463 -1.49339 0.0994813 1.30208 2.82657 0.446482 2.53948 0.0637625 0.456086 2.10787 1.97465 0.472209 3.30703 1.52935 0.696582 2.76017 2.42514 0.165452 0.140102 1.65566 0.0242078 2.56643 0.544344 0.142351 2.53444 -0.168367 3.22984 2.77422 2.59383 3.14027 -1.89423 3.11999 0.113258 0.768042 2.69517 -1.73282 -1.47676 2.52558 3.07674 2.87195 -0.643604 0.503488 2.73141 2.31599 2.50523 0.272087 0.38193 2.79001 2.32686 -0.199521 
2.46402 0.492334 0.749218 2.77274 2.47884 1.67903 2.42793 2.11726 -0.230197 2.73259 2.41982 0.449376 2.51848 0.789594 2.29992 0.278974 -0.0549191 -0.273158 1.83292 1.04605 2.86003 1.55373 0.331925 2.56867 2.6698 0.864795 2.28492 2.38083 0.591487 2.51516 2.32715 0.489895 -0.131321 1.33042 0.145802 2.23673 0.54078 0.227543 2.92567 0.285206 2.54715 2.51262 2.38116 1.64881 0.140415 2.4933 -0.128132 2.63481 2.63649 0.0110234 0.35803 2.81107 2.24026 3.0075 0.171866 0.34087 2.18677 2.99431 2.49138 1.02189 0.580537 2.13221 2.68963 0.344895 
0.43137 -0.214865 2.13959 0.825598 0.307511 -0.0237759 -0.318431 1.11319 -0.0493238 0.214227 0.967566 -0.058496 0.0498299 -0.0343483 0.0807998 1.46319 -0.727433 0.31027 0.412678 0.300463 0.524033 -0.278318 0.0993037 0.309629 0.756038 0.303235 -0.33821 -0.235896 -0.0851123 0.379584 0.307435 0.0384074 -0.0426109 0.0924824 -0.0896404 0.0876911 0.442378 0.333328 0.409624 0.0902068 0.178798 0.0567203 -0.0568854 -0.0821794 1.48635 0.120553 0.0248097 0.0997975 0.438147 1.45127 1.36053 0.815909 0.344215 0.682583 0.168808 -0.651053 0.731593 0.844146 0.285158 0.27495 -0.0237155 0.298464 0.652176 -0.0563216 
0.691951 -0.234961 7.16688 1.07066 1.51223 -1.187 0.0961993 0.392127 0.366119 0.570543 1.11177 -0.627983 0.667992 0.224612 -0.4677 4.03929 -0.0284503 -0.288572 -0.461086 1.04801 1.04283 -0.237052 0.205547 1.16685 0.823174 -0.888821 -0.0821189 0.528703 -0.469359 0.920605 0.90501 0.0865651 -0.381446 -0.707499 -0.269671 -0.756305 -0.301903 -0.313232 0.64851 -0.375241 0.493996 0.498714 0.609405 -1.03418 4.93445 0.967816 0.286796 -0.283995 0.516464 4.59119 4.31912 0.702552 -0.255055 0.268918 0.196055 -0.494893 1.20852 0.873709 0.96186 0.0628883 -0.426165 -0.405061 0.662193 0.330992 
1.14803 0.0239987 7.28245 1.81725 2.05674 -0.156471 0.818509 1.60126 -0.158147 1.98891 1.6532 -0.0844707 2.07556 -0.475773 0.500633 4.09661 -0.202483 0.636981 0.695523 0.613537 1.57792 0.35745 0.212594 1.69407 1.97099 -0.068667 0.698315 1.15277 0.272341 2.23633 1.584 -0.158403 0.308062 -0.886087 -0.119686 0.781423 -0.493749 -0.829229 1.47158 -0.157687 1.80705 1.12055 1.80113 0.765474 4.60897 1.66313 0.0277195 -0.0291311 1.39905 4.53961 4.3613 1.51544 0.716741 1.61992 0.264675 0.177154 1.73108 2.10503 1.2412 -0.179527 -0.36608 0.624739 1.68119 0.163443 
-0.473625 0.0746799 0.326566 -0.155129 0.341016 -0.233397 -0.355001 0.0976283 0.0902977 0.118493 0.523751 -0.0699765 0.49998 0.058603 0.203268 0.130321 0.219379 -0.303547 0.709706 0.0766231 -0.264249 0.337554 0.206213 -0.38196 -0.0933805 0.276848 0.22818 0.0354526 -0.207791 -0.381628 -0.25754 0.150871 0.0467967 0.0543035 0.172306 -0.0532886 -0.0300843 0.260378 -0.682317 0.337364 -0.0209804 0.142109 0.023859 0.160873 -0.240626 0.152797 -0.0598334 -0.168899 0.498861 -0.173501 -0.184235 0.340114 -0.167231 0.150188 -0.384399 0.242957 0.305523 0.147756 -0.451153 0.0846159 -0.205148 -0.385376 -0.38481 0.0575443 
0.529152 -0.0854796 -0.10799 -0.130784 -0.267644 0.35073 -0.0848494 -0.296948 0.0241659 0.0660078 -0.100454 0.20226 -0.180429 -0.553365 -0.198114 0.159823 0.293542 0.124936 -0.0920515 -0.306022 0.467026 0.268831 0.44743 0.275887 0.108195 -0.292419 0.521769 -0.167658 0.18501 0.16263 -0.166756 0.0107275 -0.182898 0.212624 0.232481 -0.390304 -0.302653 0.388054 0.274528 0.0833253 0.2621 0.127461 0.0406711 0.0243842 0.196934 0.0583627 -0.0925336 0.0935312 0.22973 -0.265719 0.0460618 -0.130671 0.142566 0.502902 -0.21118 -0.0498423 -0.197477 0.0221708 -0.000228049 0.116579 0.233778 0.507788 0.0917271 0.235526 
0.234001 0.161894 0.0128361 -0.0507467 0.184619 0.427099 0.15833 -0.232878 0.10267 0.329369 -0.165067 0.0588364 -0.438492 -0.122411 0.169609 -0.183314 0.149629 -0.377779 0.019252 0.0722195 0.212723 0.242956 -0.0937046 -0.00765927 -0.239041 -0.524483 0.166847 -0.0222292 -0.281494 -0.197258 -0.57109 -0.296748 0.120259 0.293504 -0.17241 -0.0447208 -0.184127 0.13937 0.0283061 0.377389 -0.0100092 -0.123161 0.132251 0.0501115 -0.121811 -0.22149 -0.226005 0.13517 0.204027 -0.170186 -0.130144 1.02983 -0.359284 -0.338805 0.0185646 0.286389 0.0734024 0.108569 -0.298102 -0.0191849 0.10591 -0.357812 0.119642 -0.12954 
-0.202551 0.227022 0.00901559 0.056951 -0.18713 -0.372202 0.244617 -0.400158 0.183268 0.724292 -0.630452 0.376252 0.0248545 -0.150473 -0.262006 0.14477 0.25702 0.238705 0.0348087 -0.204693 0.286771 0.0755537 -0.287619 0.123736 -0.432156 -0.460257 -0.205629 0.0151793 0.458748 -0.181447 0.101729 0.543355 -0.127194 0.432413 0.249695 0.0152828 -0.0120648 0.156072 0.096308 -0.0460461 0.0871422 0.13033 0.0964112 0.164113 0.389491 0.471955 -0.306564 -0.0400058 -0.121415 -0.0145285 0.22572 0.594535 0.166705 0.2282 0.0377505 -0.860355 0.0467204 -0.0794349 0.265452 0.121988 -0.0524655 0.0442505 -0.212032 -0.292816 
3.26338 -0.780755 9.4641 2.97694 2.92413 1.54214 3.59718 2.94354 -0.742957 3.17849 2.13769 -0.511408 2.93802 -1.15044 3.11686 7.41496 -0.832964 0.684989 4.22005 -0.289669 2.88504 0.300787 0.1933 2.77031 2.92474 0.17784 4.43044 0.828962 -0.0567137 2.87501 3.24272 -0.856884 -0.174327 -0.802413 -0.939343 3.31036 -0.0896406 -0.310111 3.02482 -0.948986 3.38961 3.70662 3.31125 3.82509 9.04545 3.20198 -0.615211 1.47901 3.17969 8.86106 7.67134 3.57113 3.57316 3.72524 -1.38023 -0.249947 2.9424 3.11133 2.82653 -1.10994 -0.49026 3.6552 3.10301 -0.974033 
-1.02419 
-9.97931 
1.27935 
-1.34362 
-1.23818 
-1.91876 
-0.767534 
-1.06194 
-9.98345 
-1.04019 
-1.45412 
-9.98443 
-1.14247 
-9.98933 
-1.86862 
1.5461 
-9.98789 
-1.30593 
-1.00774 
-9.85848 
-1.16524 
-0.78659 
-9.31435 
-1.28439 
-1.24523 
-4.8776 
-1.00648 
-2.13544 
-3.39495 
-1.17501 
-1.00044 
-9.97771 
-5.46669 
-0.495299 
-9.97747 
-1.25438 
-9.96559 
-9.98944 
-1.19428 
-9.97693 
-0.902837 
-0.845691 
-0.997775 
-1.13426 
1.48096 
-1.05932 
-9.98272 
-1.24943 
-1.06037 
1.45819 
1.51776 
-0.999058 
-0.772076 
-0.852618 
-9.98251 
-9.9651 
-1.21076 
-1.09647 
-1.32136 
-9.98016 
-9.97352 
-1.21123 
-1.09086 
-9.98862 
1.52465 

# Training State Metadata
FILENAME tetris_model_best_20260905_214307_score6800.txt
EPSILON 0.646559
EPSILON_MIN 0.05
EPSILON_DECAY 0.995
LEARNING_RATE 0.0015
GAMMA 0.99
TRAINING_EPISODES 3992
TOTAL_GAMES 88
BEST_SCORE 6800
AVERAGE_SCORE 579.31
PREVIOUS_AVG_SCORE 579.31
