# Neural Network Model File
# Saved: 2026-09-05 21:52:33
# Filename: tetris_model_best_20260905_215233_score53700.txt
#
-1.53174 0.306636 9.95891 0.639147 -0.598922 -2.18817 -1.42837 -2.2493 -1.01236 -1.23234 0.768502 0.364463 -1.41893 0.119243 0.390116 5.46821 0.425868 -1.25412 -1.48706 5.16918 -1.11094 -0.82931 -1.09136 -0.770763 -1.58005 -1.535 -1.36263 3.38755 -1.01072 -0.852206 -1.52181 0.0034983 -0.102634 -4.14041 0.220238 -1.1038 -0.0240885 0.455351 -1.378 0.548565 -0.76846 -1.2161 -1.32528 -1.58269 6.97023 -1.44936 -0.427841 -1.22898 -1.36753 7.28832 5.54719 -1.07506 0.55054 -0.625369 0.0339229 0.300292 -1.11435 -1.56714 -0.337259 -0.181995 -0.326686 -1.19807 -1.16323 0.195784 
-0.472329 -0.215609 9.94645 0.504432 -0.235679 -0.651424 -1.4524 -1.70347 -0.384309 -0.821057 0.858783 0.251709 -0.214864 -0.15766 0.4523 5.39105 0.146385 -1.66277 -0.669662 5.41993 -0.782439 0.152514 -0.446293 -0.32674 -0.825287 -0.306792 -1.02903 3.93439 -0.771992 -0.503852 -0.591244 -0.00359 0.361918 -3.44176 0.0550702 -0.753409 -0.0254042 -0.668191 -0.103376 -0.0923697 -0.529639 -0.773962 -0.696737 -0.897013 6.62693 -0.362431 0.638937 0.300645 -0.884417 6.77468 5.64124 -0.150601 0.364798 -0.846445 0.142207 0.696002 -0.217746 -1.62981 0.790651 -0.249338 0.64139 -0.397788 -0.400343 0.33666 
0.50929 0.111072 9.9491 0.957518 -0.0916994 0.436909 0.276328 -0.646899 -0.310969 1.04603 0.935544 -0.246884 0.400382 0.0606508 1.12803 4.48585 0.0912163 0.0587894 -0.916368 4.07378 -0.212531 0.111224 -0.490968 -0.486507 0.162833 0.99495 -0.75394 2.9408 0.0205379 0.709028 -0.575184 -0.163474 -0.701509 -2.38016 0.299725 -0.15411 -0.745624 -0.562698 0.686453 0.1018 0.213819 0.864006 0.129181 -0.196114 6.57706 0.2976 -0.729005 0.0583294 -0.473491 6.66453 5.45555 -0.685627 0.71726 -0.588138 0.0361163 -0.910791 0.260898 0.265837 0.324439 -0.287851 -1.11393 0.286926 0.248191 -0.372473 
-0.0217508 0.0147945 9.98195 0.650406 -0.532851 0.349888 0.578305 -0.860702 0.144227 0.187286 0.365557 0.0107187 -1.00717 0.165652 0.693361 5.20955 0.0495203 0.130525 -0.778083 3.84333 -0.688449 -0.480753 -0.196252 -1.09194 -1.302 0.452513 -0.890943 2.42545 -0.346934 -1.24601 -0.89572 -0.301573 0.163761 -2.72682 -0.135262 -0.760197 -0.197462 -0.589041 -0.176456 -0.00472188 -0.326278 -0.276176 -1.03937 -0.837911 6.87509 -0.738064 -0.0519854 -0.387713 -0.686779 7.02077 5.74521 -0.648739 0.26238 -0.913485 -0.0281944 -0.715748 -0.35011 -0.320523 -0.0498529 -0.614148 -0.798835 -0.331389 -0.281648 -0.189702 
-0.198213 0.152643 9.96788 0.296642 -1.14863 -0.821757 -0.107057 -1.18516 -0.492577 -0.312833 0.130831 0.71017 0.136539 0.248103 0.658932 4.85011 0.192675 0.35303 -0.580374 4.31214 -1.03748 0.519632 0.121269 -1.00232 -1.51641 0.308223 -0.422369 2.1958 0.510657 -1.02889 -0.644646 0.789244 0.447247 -3.00227 0.0925975 -0.645749 0.131179 0.457209 -0.334634 0.0421696 -0.451055 0.554764 -0.402821 -0.520022 6.82249 -0.577827 -0.393408 -0.204402 -1.03276 6.65054 5.51409 -0.485042 0.875114 -0.463806 0.667353 -0.0414991 -0.43325 -0.726579 -0.00847182 -0.119792 -0.681241 -0.479434 -0.410664 0.269246 
-0.421832 -0.176174 9.96281 0.439146 -1.08546 0.0730798 -0.000544933 -1.22116 0.186584 -0.47833 0.15949 -0.291469 -0.498065 0.0240382 0.760588 4.56241 0.0432465 0.364901 -0.198084 4.44395 -0.847559 -0.131955 -0.289973 -1.08054 -1.08235 0.048626 -0.432022 2.68836 -0.143099 -0.845579 -0.285437 -0.292118 0.0969676 -2.471 -0.191346 -0.174091 -0.127591 0.548814 -0.646617 0.0125896 -0.499154 -0.0901013 0.121753 -0.162658 5.85059 0.179825 0.572058 0.0437981 -0.606065 6.72833 4.74595 -0.720968 0.696308 -0.619797 0.637627 0.599387 -0.945074 -0.328479 -0.0164109 0.0147016 0.495691 -1.26971 -0.16033 0.210518 
-0.609836 -0.0575799 9.97021 0.252653 -0.523346 0.00927706 -0.0923231 -0.764004 -0.44668 -0.61491 0.515103 -0.240643 -0.148396 0.297442 -0.0455298 5.73554 0.0298351 1.1852 -0.729937 4.40849 -0.898465 -0.194355 0.543096 -0.867066 -0.0373298 0.748602 -1.31141 1.73775 0.265347 -0.528252 -0.206344 -0.146627 0.0363924 -2.80552 0.0283897 -0.803205 -0.0722903 0.290808 -0.248734 -0.107551 -0.234734 -0.846176 -0.390038 -1.05418 7.00718 0.0255733 -0.242628 -0.745657 -0.890213 7.57292 6.66464 -0.334938 -0.12075 -0.974577 -0.0841379 0.540559 -0.247605 -0.353546 0.270696 -0.271254 0.797347 -1.04917 -0.770607 -0.111467 
-0.318141 0.0577896 9.9614 0.732432 -0.67494 0.126783 0.205154 -0.30496 -0.0153256 -0.23976 0.947193 0.234432 -0.170258 -0.0857196 0.953371 4.71303 0.146807 -0.179077 -0.72403 3.67825 -0.513617 -0.0936999 -0.0517735 -0.848589 0.14509 0.074385 -0.833831 2.48927 0.16963 -0.629482 -0.443985 0.158572 -0.522821 -2.73549 0.014255 -0.342856 1.10608 0.555905 -0.348832 0.0696449 -0.0538562 -0.88539 -0.420126 -0.610937 5.90992 -0.345201 -0.578148 -0.264031 -0.264191 6.53617 5.0905 -0.244084 0.353415 -0.313788 0.119233 -0.0192958 -0.431931 -0.0765267 0.168903 0.371461 0.171454 -0.784523 -0.0239231 -0.0832302 
0.455011 0.0403041 9.94389 0.933999 -0.488864 -0.644497 -0.29197 -0.439381 0.00311134 -0.102002 0.655456 0.0294027 0.136188 -0.00886952 1.44161 5.01954 -0.25372 -0.983003 -0.121126 4.26843 -0.0898838 0.0135474 0.761019 -0.351618 -0.0537712 -1.73987 -0.107321 3.11303 -0.741678 0.295378 0.0211316 0.381026 -0.126049 -3.06289 0.0662412 -0.258712 -0.73349 -0.301165 0.133186 0.00744852 -0.145379 -0.748061 0.435019 -0.189538 6.02797 0.0828505 0.146998 0.344782 -0.556397 6.3086 5.15935 -0.288225 0.580372 -0.785633 0.387418 -1.43584 0.100191 -0.0569621 0.747918 0.0889181 0.105244 -0.159949 0.462912 -0.188056 
-0.143515 -0.084514 9.94418 0.466043 -0.24194 -2.18447 -2.15433 -1.198 0.452161 -0.87622 0.96384 -0.392519 -0.555033 -0.0032459 1.0685 5.00966 0.311244 -1.02157 -0.781266 4.53218 -0.572503 -0.685491 -0.235791 -0.493967 -0.750308 -2.55887 -1.2133 2.45034 -0.582362 -0.896914 0.175277 -0.353264 0.220875 -3.73973 0.335428 -0.259151 -1.83637 0.0503121 -0.912632 0.00378277 -0.778923 -0.496567 0.160099 -0.687291 6.67821 -1.18907 -0.258567 -0.437065 -1.08053 6.55576 5.53192 -0.638452 0.932754 -0.370337 -0.184864 -0.9187 -0.310219 -0.984067 0.36629 0.227824 -0.418736 -1.55939 -0.118852 0.155905 
-0.751567 -0.110275 9.9499 1.46108 -0.253659 -0.622705 -0.822928 -0.570883 0.360447 -0.958339 2.00858 -0.240824 -0.949688 0.207085 1.85211 7.0637 -0.183301 -0.867138 -0.297843 6.60815 -0.43038 -0.107897 -0.681196 0.290446 -0.295983 -1.16669 -0.145783 4.07238 -0.476445 -0.422368 -0.302323 0.190798 -1.20887 -3.98095 0.0258118 -0.434943 -0.0380645 0.126178 -0.205503 0.253811 -0.622707 -0.6806 -0.521103 -0.254259 9.20559 -0.482547 -0.129635 -0.0127651 -0.846157 9.47958 7.77061 0.104477 1.72349 0.166339 -0.400464 -0.610353 -0.591358 -0.372585 1.76951 0.511185 -0.313948 -0.8876 -0.515568 -0.340594 
3.19847 0.777348 -0.917408 3.09535 2.94164 1.76253 2.235 2.41957 0.462314 2.89049 3.57436 0.829407 2.70089 0.859718 3.38237 -2.72263 0.517303 1.63822 3.35012 3.91782 1.87648 1.16676 0.990874 3.42972 3.20343 1.95535 3.20078 4.38463 1.84959 3.28533 3.07016 0.456649 1.3989 1.07594 0.437615 3.31203 1.3679 0.490897 3.02072 0.601374 3.83332 3.73893 3.46537 3.12619 -2.08756 2.76792 0.879133 2.38521 2.3416 -2.11432 -2.41706 3.20697 3.69428 3.58271 0.590244 1.20093 2.9801 2.222 3.45318 0.990934 1.26198 3.09058 2.97339 1.17735 
1.78895 0.762912 0.739067 3.35002 2.23821 0.814492 1.4884 1.35661 1.11309 1.64455 2.69181 0.226463 1.85538 1.05289 2.64052 -1.14327 0.679695 1.62305 2.30421 2.94327 1.6546 1.08372 0.479148 2.63793 1.76945 1.22123 2.46747 3.42298 1.0447 1.7945 2.52192 0.858695 1.37225 -0.0188285 0.142756 2.11566 0.657906 0.621054 1.93733 0.673772 2.05328 2.51599 2.34898 2.03896 -0.71374 1.52763 0.666691 1.57078 1.67817 -0.950653 -0.813681 2.4885 2.87473 2.75067 0.742376 0.953984 2.53358 1.50065 2.55148 0.41917 0.681949 1.98882 2.17436 0.347755 
2.17065 0.766845 0.534639 3.16091 3.18608 1.34386 1.97177 2.4177 0.518296 2.20316 3.21376 0.486486 2.22313 0.413713 2.66255 -1.48905 0.0664244 0.375639 3.35142 0.872305 2.43391 0.0528939 0.271075 2.67202 2.84955 0.836333 3.3726 1.25604 0.673141 2.13447 3.32124 0.26722 0.887168 0.802885 0.151838 2.97179 0.378662 0.102528 2.15138 0.557481 2.74548 2.53789 2.07294 3.52432 -1.29341 2.12945 0.227672 0.114441 2.54369 -1.6928 -1.21074 2.44346 2.39919 3.41994 -0.422232 0.611212 3.01344 2.48782 3.66109 0.204869 0.270791 0.996863 1.67969 -0.0473571 
2.34854 0.582447 2.093 1.97853 2.22005 1.39783 1.73959 1.86944 0.298294 1.82208 1.54383 0.424876 2.33619 0.188759 2.66753 -0.672254 0.294051 1.48528 3.17041 1.97587 2.00528 1.687 0.553042 1.52993 2.29917 0.746076 2.96757 1.84607 -0.072031 2.30822 2.6638 0.5922 0.608928 0.70301 0.387928 2.25855 0.686931 0.40686 1.97123 0.576134 2.49556 1.71193 2.72068 2.73682 0.16184 2.3129 1.17933 0.033428 2.47341 0.24007 -0.337457 2.44381 2.47287 2.62564 -0.332994 0.508356 2.70191 2.19003 1.72825 0.30737 0.907393 1.56679 2.43383 0.245449 
2.18315 0.740617 2.23322 1.49595 2.1343 1.61363 1.75936 1.52537 0.726335 2.40713 1.51885 0.513003 1.99018 0.418236 2.20845 0.236074 0.164719 1.42252 2.19837 1.37644 1.23883 1.20973 0.366174 1.79407 2.35619 0.774356 2.08115 2.42502 3.35275 2.1226 1.93315 0.24837 0.397582 0.181616 -0.0262388 1.76609 0.505941 0.610667 1.87136 0.508185 1.69382 1.29934 1.86252 1.67714 0.500768 1.71892 0.102561 1.98201 1.26438 0.933206 0.685829 1.26148 1.65342 1.56465 -0.0187183 0.530965 2.00223 1.44346 1.91872 1.40796 0.0758525 1.75064 2.45743 0.370137 
2.0191 0.347596 2.55125 2.13425 2.27681 1.42163 2.10966 1.56495 0.317639 2.09639 1.89171 0.407748 2.3065 0.298135 2.15348 -0.0635462 0.246638 1.84126 2.50639 1.29088 1.55763 0.314253 0.641969 2.31004 2.10796 1.16189 1.99258 2.53506 0.80199 2.13609 2.69941 0.167029 2.47829 0.393331 0.546046 2.50538 0.676834 0.660623 1.57846 0.576143 1.63682 1.51249 2.59261 2.35242 -0.0778514 1.62034 0.0471388 1.82211 2.60415 0.364959 0.00875143 2.92495 2.35428 2.71662 -0.261793 0.483787 1.59689 1.81374 2.34977 -0.105244 0.252259 2.66891 2.02689 0.708416 
2.62721 0.798684 2.77329 2.45775 1.58314 1.3153 1.89473 2.46178 0.527901 2.03688 1.75465 0.401463 2.33417 0.27325 2.7469 -0.36325 0.198732 1.52745 2.3749 1.44234 2.36077 1.24534 0.873805 1.67249 2.13059 0.889703 2.63797 1.19111 0.532856 2.28214 2.48426 0.396347 0.63125 0.640702 0.563947 2.53066 0.555669 0.28952 2.2403 0.612878 2.49685 3.61717 2.52534 2.08223 0.165841 2.15904 0.655874 0.0455437 2.70166 0.151655 -0.613862 2.08585 2.85234 2.00941 0.068719 0.547624 2.39196 2.11173 1.72176 0.282135 0.884824 2.36159 2.19664 0.463005 
2.4837 0.0769547 0.447622 2.3801 2.41656 1.16351 1.78294 2.28291 -0.0831802 2.16673 2.10324 0.453094 1.97075 0.0408476 3.10334 -1.19717 0.197465 1.20947 2.60697 1.0856 2.58526 0.371897 0.456549 2.41386 1.92399 0.363288 3.64146 2.14517 0.366016 2.67914 1.7286 0.287385 0.266148 1.01346 0.152307 2.50937 0.453071 0.214705 2.57985 -0.0523153 3.44885 3.02555 2.11824 3.45189 -1.44665 2.47922 0.221806 0.298222 2.45981 -1.23635 -1.10807 2.22243 3.6795 3.38339 -0.521784 0.446652 2.75945 2.14099 2.84942 0.357819 0.499663 2.50607 2.33138 -0.0896209 
1.51832 0.390044 3.14166 2.53411 2.25353 1.28348 1.98922 1.80776 -0.170221 2.30802 2.25177 0.464136 2.59398 0.429611 2.43453 1.10556 0.0135418 -0.197316 1.62152 1.58749 2.43863 1.39272 0.700155 2.39108 2.11977 1.04884 2.23061 2.57011 0.628078 2.3836 1.67846 0.387581 -0.0839405 0.463372 0.211723 2.27159 0.533592 0.361708 2.636 0.375084 2.15238 2.16866 1.57689 1.71556 1.13493 2.24295 -0.0712518 3.17797 2.09755 1.06996 1.25699 2.42808 2.00863 2.99365 0.0993952 0.495185 1.39695 2.30778 2.20427 0.539992 0.733547 1.57364 2.06404 0.340821 
0.59167 -0.399536 4.84522 0.0880419 -0.892541 0.164604 0.117349 0.437803 -0.149808 0.45418 0.34218 -0.476299 -0.0565873 -0.0894797 -0.0462737 2.30063 -0.725231 0.366964 0.233983 0.725415 -0.214689 -0.0924575 0.612665 -0.907049 -0.396049 -0.221742 -0.662552 -0.192319 -0.686486 -0.346147 0.13844 -0.105534 -0.0458603 -0.660761 -0.158362 0.248254 0.425829 0.117103 -0.207092 -0.0294848 0.0916682 0.11682 0.132183 -0.419962 2.53641 -0.0499567 0.479991 0.496344 -0.216573 2.57733 2.29156 0.390807 0.0967092 -0.11418 -0.074824 -1.47135 -0.0563252 0.115583 -0.53233 0.0366242 0.0959294 0.642405 0.741069 -0.0713501 
-0.453187 -0.207925 9.9604 0.321698 -0.0910696 -0.813774 -0.350536 -1.50569 0.325656 -0.661654 0.733263 -0.642197 -0.634023 0.259966 0.845101 5.12422 -0.00192773 -0.385989 -0.937143 4.15525 -0.642456 -0.230303 0.074631 -0.563727 -0.815817 -0.699611 -0.67078 2.38739 -0.597357 -0.643013 -0.123888 0.15638 -0.435235 -2.73224 -0.201701 -0.718221 -0.30827 -0.306577 -0.832253 -0.294981 -0.395312 -0.353859 -0.4704 -1.08791 6.71681 -0.380089 0.257175 -0.254436 -1.20489 6.62271 5.70955 -0.43597 0.219816 -0.707762 0.266318 -0.480718 -0.268949 -0.741901 -0.075925 0.0388259 -0.441267 -0.918064 -0.636379 0.37374 
0.959098 0.309529 9.86587 2.4528 1.13817 0.48983 0.592473 0.359073 -0.0477991 1.3627 2.58546 0.210455 1.35779 -0.0430655 2.76544 4.18068 0.242696 0.313125 1.58382 4.49114 0.384038 0.471272 0.170672 0.790575 0.820312 -0.166396 1.51891 3.84312 0.455692 1.15191 1.66506 0.0919889 0.713135 -2.78819 0.269851 1.90201 -0.489089 -0.551432 0.538796 0.0896887 1.63698 1.36071 1.7619 1.84151 5.33258 1.12778 0.222129 0.564076 0.465185 5.4926 4.72652 1.40643 2.13199 1.93608 0.508121 0.115595 0.741967 1.11405 1.64385 0.0481992 -0.229271 0.999123 0.740806 0.406823 
-0.473625 0.0746799 0.326566 -0.155129 0.341016 -0.233397 -0.355001 0.0976283 0.0902977 0.118493 0.523751 -0.0699765 0.49998 0.058603 0.203268 0.130321 0.219379 -0.303547 0.709706 0.0766231 -0.264249 0.337554 0.206213 -0.38196 -0.0933805 0.276848 0.22818 0.0354526 -0.207791 -0.381628 -0.25754 0.150871 0.0467967 0.0543035 0.172306 -0.0532886 -0.0300843 0.260378 -0.682317 0.337364 -0.0209804 0.142109 0.023859 0.160873 -0.240626 0.152797 -0.0598334 -0.168899 0.498861 -0.173501 -0.184235 0.340114 -0.167231 0.150188 -0.384399 0.242957 0.305523 0.147756 -0.451153 0.0846159 -0.205148 -0.385376 -0.38481 0.0575443 
0.529152 -0.0854796 -0.10799 -0.130784 -0.267644 0.35073 -0.0848494 -0.296948 0.0241659 0.0660078 -0.100454 0.20226 -0.180429 -0.553365 -0.198114 0.159823 0.293542 0.124936 -0.0920515 -0.306022 0.467026 0.268831 0.44743 0.275887 0.108195 -0.292419 0.521769 -0.167658 0.18501 0.16263 -0.166756 0.0107275 -0.182898 0.212624 0.232481 -0.390304 -0.302653 0.388054 0.274528 0.0833253 0.2621 0.127461 0.0406711 0.0243842 0.196934 0.0583627 -0.0925336 0.0935312 0.22973 -0.265719 0.0460618 -0.130671 0.142566 0.502902 -0.21118 -0.0498423 -0.197477 0.0221708 -0.000228049 0.116579 0.233778 0.507788 0.0917271 0.235526 
0.234001 0.161894 0.0128361 -0.0507467 0.184619 0.427099 0.15833 -0.232878 0.10267 0.329369 -0.165067 0.0588364 -0.438492 -0.122411 0.169609 -0.183314 0.149629 -0.377779 0.019252 0.0722195 0.212723 0.242956 -0.0937046 -0.00765927 -0.239041 -0.524483 0.166847 -0.0222292 -0.281494 -0.197258 -0.57109 -0.296748 0.120259 0.293504 -0.17241 -0.0447208 -0.184127 0.13937 0.0283061 0.377389 -0.0100092 -0.123161 0.132251 0.0501115 -0.121811 -0.22149 -0.226005 0.13517 0.204027 -0.170186 -0.130144 1.02983 -0.359284 -0.338805 0.0185646 0.286389 0.0734024 0.108569 -0.298102 -0.0191849 0.10591 -0.357812 0.119642 -0.12954 
-0.202551 0.227022 0.00901559 0.056951 -0.18713 -0.372202 0.244617 -0.400158 0.183268 0.724292 -0.630452 0.376252 0.0248545 -0.150473 -0.262006 0.14477 0.25702 0.238705 0.0348087 -0.204693 0.286771 0.0755537 -0.287619 0.123736 -0.432156 -0.460257 -0.205629 0.0151793 0.458748 -0.181447 0.101729 0.543355 -0.127194 0.432413 0.249695 0.0152828 -0.0120648 0.156072 0.096308 -0.0460461 0.0871422 0.13033 0.0964112 0.164113 0.389491 0.471955 -0.306564 -0.0400058 -0.121415 -0.0145285 0.22572 0.594535 0.166705 0.2282 0.0377505 -0.860355 0.0467204 -0.0794349 0.265452 0.121988 -0.0524655 0.0442505 -0.212032 -0.292816 
-1.95305 -1.36101 9.89422 -0.358854 -1.83287 -0.77028 -1.85025 -1.87046 -0.772159 -1.91802 -0.856424 -0.854408 -1.93819 -1.85464 1.73111 9.57368 -1.47943 -1.58899 1.42814 -0.0184306 -1.97706 -1.62361 -0.706244 -2.3948 -1.91673 -0.666575 1.89537 -0.274177 -0.59774 -1.77937 -0.474756 -1.51777 -1.24075 -6.87094 -1.61155 0.503423 -0.353853 -0.755174 -2.14952 -1.67054 -0.939119 -0.848116 -0.753614 1.49122 9.64016 -2.33836 -0.876942 -1.21206 -1.69566 9.66227 9.60377 -0.0672765 1.14419 0.612986 -2.09537 -0.291901 -1.80891 -2.31096 -0.862126 -1.52179 -0.568974 -1.40938 -1.82758 -1.49106 
-7.98802 
-9.95605 
0.42167 
-1.60836 
-4.91155 
-9.74817 
-9.85519 
-2.84489 
-9.96365 
-9.95036 
-1.59629 
-9.97567 
-9.98085 
-9.93932 
-2.05184 
0.94238 
-9.94628 
-9.8251 
-0.976248 
-9.79621 
-4.8886 
-9.96504 
-9.95652 
-4.28971 
-6.49631 
-9.80912 
-1.11782 
-2.41263 
-9.91966 
-5.58808 
-1.51127 
-9.95419 
-9.90442 
-0.903535 
-9.93987 
-1.64727 
-9.90136 
-9.93363 
-9.97326 
-9.95234 
-1.99594 
-2.90403 
-1.54415 
-1.06827 
0.829255 
-9.95603 
-9.9775 
-9.91315 
-3.65208 
0.798594 
0.891075 
-1.30603 
-2.19967 
-1.68668 
-9.9226 
-9.8925 
-3.04081 
-9.8947 
-1.38736 
-9.97664 
-9.96976 
-2.68935 
-9.97946 
-9.94939 
9.55273 

# Training State Metadata
FILENAME tetris_model_best_20260905_215233_score53700.txt
EPSILON 0.342089
EPSILON_MIN 0.05
EPSILON_DECAY 0.995
LEARNING_RATE 0.0015
GAMMA 0.99
TRAINING_EPISODES 14696
TOTAL_GAMES 215
BEST_SCORE 53700
AVERAGE_SCORE 4756
PREVIOUS_AVG_SCORE 4756
