# Neural Network Model File
# Saved: 2026-09-07 17:13:22
# Filename: tetris_model_best_20260907_171322_score2396400.txt
#
-2.35809 0.0566922 8.24023 0.151328 0.493554 -1.92441 -1.56301 -2.15472 -1.28985 0.449038 0.996364 0.104481 -1.42121 -0.0881886 9.9074 9.99008 0.14875 -1.19271 -1.45427 6.0343 -1.08833 -1.02261 -2.21293 0.339275 -1.19835 -0.8193 -1.13531 2.92895 -1.25452 0.404409 -1.3383 -0.249768 -0.0657379 -4.93817 -0.0254093 -1.45368 0.09319 0.204086 -1.41302 0.284456 0.392638 -0.599778 -1.77467 -1.81942 9.99425 -1.46431 -0.723166 -1.74704 -1.06903 9.99444 9.99152 -0.745 0.162524 -1.05922 1.12745 0.406346 -1.0709 -1.48136 -0.810544 -0.449575 -1.27716 -0.559886 -0.923576 -0.0629787 
-0.698599 -0.575365 8.22023 0.514179 -0.243654 -0.499903 -2.07316 -1.7719 -1.14259 2.94157 1.41117 -0.128552 -0.327686 -0.507039 9.89864 9.99132 -0.252142 -1.78238 -0.486168 5.59271 -0.876215 -0.0944588 -1.09751 0.551858 -0.588367 0.495426 -1.18604 2.99896 -1.3796 0.769576 -2.36693 -0.380862 0.248505 -4.28471 -0.320597 -0.893566 1.73638 -1.0101 -0.159883 -0.479903 -0.178561 -1.98117 -0.557029 -1.21096 9.99572 -0.479215 0.26813 0.335636 -0.630367 9.99677 9.99312 0.758829 -0.107061 -0.81602 1.62017 0.386977 -0.236559 -1.70932 0.0386253 -0.771103 -0.440203 0.273986 2.58785 -0.0329495 
-0.0914416 -0.33812 8.05531 -0.771029 -0.427744 0.376148 0.724782 -0.647897 -0.859542 3.14529 -0.672226 -0.681406 -0.0864034 -0.422802 9.78613 9.993 -0.382342 -0.17639 -1.02179 3.75465 -0.3964 -0.286612 -1.84435 -0.704017 -0.126965 1.81713 -1.5123 1.69823 -0.449079 0.901028 -1.25216 -0.561032 -1.24127 -3.28914 -0.160898 -0.566187 -0.679827 -0.849652 0.425485 -0.358846 1.56397 0.978023 -0.285433 -0.576201 9.99678 -0.0385642 -1.11099 -0.00605366 -0.807092 9.99706 9.99441 -0.222296 -0.468818 -1.04782 -0.104478 -1.41974 0.0620139 0.136274 -0.603759 -0.925457 -2.0947 0.79536 -0.910677 -0.763682 
1.02655 -0.238497 8.18286 -0.62338 -0.866754 0.234248 1.77841 -0.770655 -0.307448 2.05418 -0.0497444 -0.235406 -1.26577 -0.108132 9.7787 9.99573 -0.202973 -0.0125347 -0.860024 4.40058 -0.777658 -0.635574 -1.90515 -1.15247 -1.61254 1.75357 -0.857856 2.11935 -0.733868 -1.43325 -0.61321 -0.508755 -0.199465 -3.46356 -0.373568 -1.19051 -0.26068 -0.761897 -0.418453 -0.247964 -0.673296 1.28333 -1.13202 -1.17952 9.99688 -0.844676 -0.212573 -0.276947 -0.899537 9.99715 9.99631 -0.405733 -0.153595 -1.34514 0.571428 -0.853069 -0.547091 -0.337052 -0.909756 -1.02654 -1.37385 0.669778 -0.263863 -0.372401 
1.40616 -0.139961 8.05231 -0.806416 -1.33041 -1.02252 1.28244 -1.21868 -0.904351 0.788404 -0.187144 0.37216 -0.161921 -0.0980502 9.71721 9.99195 -0.122445 0.181066 -0.823981 4.58962 -1.06636 0.257275 -0.322165 -0.168118 -1.67293 1.45438 0.175553 1.49259 0.330926 -1.23756 -0.532808 0.44027 0.133415 -3.83261 -0.21953 -0.949005 0.155509 0.0593679 -0.516274 -0.273847 -0.169939 2.01645 -0.449401 -0.666825 9.99472 -0.705888 -0.657002 -0.699353 -1.22453 9.99571 9.99267 -0.243026 -0.415739 -0.67562 0.489543 -0.102056 -0.524408 -0.716023 -0.766213 -0.630235 -1.31066 -0.242574 -1.0239 -0.0676642 
1.32583 -0.415194 7.97264 0.2639 -1.13516 -0.0985874 0.559637 -1.13475 -0.247968 -2.80138 0.993086 -0.576002 -0.765281 -0.3437 9.44665 9.99383 -0.312777 0.116127 -0.685194 4.68513 -0.792314 -0.420474 -0.604783 -1.1369 -1.41462 0.732028 -0.724609 1.8881 -0.611502 -1.41942 -0.735679 -0.601122 -0.608347 -3.26138 -0.45809 -0.610371 0.545845 0.10539 -0.75715 -0.294365 -0.97793 1.38148 -0.645738 -0.543678 9.99652 -0.00682191 0.214303 -0.366539 -0.869018 9.99752 9.99446 -0.625727 0.499153 -0.831559 0.797217 -0.0829482 -1.07148 -0.321641 -0.800416 -0.26099 0.551365 -0.74562 -0.0716014 -0.156017 
0.174816 -0.358887 7.90121 -0.065667 -0.7942 -0.137531 0.312047 -0.711515 -0.992276 -0.657822 -0.325377 -0.495441 -0.309599 -0.11623 9.30445 9.98578 -0.318609 0.885043 -1.10552 4.69708 -0.911591 -0.471451 0.39997 -0.169227 -0.373146 1.01675 -0.592977 0.942904 -0.245141 -0.842359 -0.0262769 -0.455992 -0.476428 -3.55324 -0.264142 -0.905699 0.405621 -0.129769 -0.29578 -0.396546 -0.555907 0.704739 -0.850324 -0.957989 9.98949 -0.165443 -0.486648 -0.834578 -1.29202 9.99068 9.98684 0.635162 -0.505331 -0.972366 -0.224325 -0.179008 -0.410047 -0.483797 -0.48909 -0.831704 1.09074 -0.210428 -0.222415 -0.453413 
-0.278053 -0.266634 8.37629 1.13779 -0.484331 0.0725952 -0.380116 -0.241814 -0.334557 -2.50048 1.27098 -0.0379505 -0.298704 -0.431061 9.71172 9.98813 -0.166859 -0.264746 -1.03201 4.18095 -0.551156 -0.34099 1.76408 -0.273635 -0.038725 -0.941507 -0.906163 1.84985 -0.303309 -1.23236 -1.59431 -0.163087 -1.00839 -3.43782 -0.290703 -0.316921 2.82828 0.151689 -0.489251 -0.249031 0.26573 -0.088107 -0.994166 -0.525549 9.99173 -0.489136 -0.748692 0.0835022 -0.573297 9.99295 9.98907 -0.471915 0.73798 -0.209635 0.191928 -0.194896 -0.492858 -0.187481 -0.282892 0.0341268 0.700224 -0.257674 -0.153114 -0.389281 
0.638572 -0.367595 7.94199 0.251899 -1.07491 -0.787734 -1.01236 -0.413825 -0.352274 -0.648511 0.464531 -0.331394 -0.00782603 -0.42586 9.58233 9.99623 -0.656914 -1.14687 -0.432361 4.18626 -0.22335 -0.259857 4.01358 0.32166 -0.250276 -2.80183 -0.408279 1.65498 -1.14121 0.458438 1.13368 -0.0532418 -0.604741 -3.94452 -0.369093 -0.453299 0.00679675 -0.711421 -0.160612 -0.405263 -0.986979 -1.25771 0.527516 -0.248771 9.9979 -0.0331695 -0.207528 -0.743482 -0.598311 9.99793 9.99658 -0.757283 -0.023814 -1.26386 1.28762 -1.81115 -0.334134 -0.177606 -0.425988 -0.152538 1.31086 -0.0364981 1.20753 -0.577677 
-2.07067 -0.354016 7.80182 -0.619286 0.533685 -2.19928 -2.43664 -1.15879 0.257799 -1.93039 0.10388 -0.620539 -0.642254 -0.279146 9.51718 9.99683 -0.000447332 -1.08301 -1.18244 4.96191 -0.768407 -0.841401 0.0423928 0.674774 -1.14789 -2.76424 -1.65042 1.38274 -0.609819 -1.27064 1.55369 -0.635512 -0.109757 -4.62945 0.0119049 -0.788451 -1.93419 -0.274467 -1.03154 -0.285096 -0.0981151 -0.997457 -0.500364 -1.03857 9.99772 -1.1809 -0.453631 -0.931812 -1.18603 9.99792 9.9973 -0.522787 -0.658279 -0.820164 0.382643 -0.885258 -0.596892 -0.996781 -0.705346 -0.0312299 1.05771 -0.762147 -1.30992 -0.138383 
0.145272 -0.451247 7.37823 3.86452 -0.971762 -0.756408 -0.392706 -0.510986 -0.143305 -0.663494 4.9096 -0.577193 -1.15556 -0.117063 9.59215 9.995 -0.541696 -1.12 -1.14078 6.18799 -0.648862 -0.424692 0.43912 2.09931 -0.728155 -0.996648 -1.02623 3.19013 -0.563832 -0.84859 -3.13145 -0.149121 -1.47648 -5.07623 -0.311281 -1.31614 1.4308 -0.281011 -0.442766 -0.0873547 -1.72624 -1.04609 -1.23241 -1.54022 9.99638 -0.736375 -0.561636 -0.0765715 -1.02919 9.9967 9.99572 -0.640447 2.97696 -0.857087 1.4025 -1.07603 -0.998743 -0.503792 0.701181 0.297052 -0.874926 -0.640059 0.644761 -0.689324 
7.51513 2.45686 -1.93903 9.94688 5.50633 3.56483 4.30933 4.17969 2.1784 6.54552 9.94972 2.51952 4.56682 2.53528 7.09806 -8.74776 2.19653 3.36136 5.57419 9.92341 3.6431 2.87677 4.60916 5.98812 5.0238 4.8059 6.97618 9.92319 3.7965 5.34155 7.22575 2.13017 3.29747 2.71135 2.11967 5.46116 4.78362 2.17056 4.76716 2.2796 7.39783 8.42572 5.95481 5.99749 -7.2001 4.53442 2.59488 4.60863 4.15256 -6.95667 -8.02726 5.50426 9.98469 5.82773 5.2932 3.12848 4.77912 3.97488 5.75291 2.7366 3.26296 5.41022 7.5329 2.85836 
2.70236 0.833974 6.39494 5.98801 2.10458 0.842734 1.65269 1.48538 1.12254 1.73278 5.82547 0.313037 1.97365 1.14734 9.28849 2.42017 0.777574 1.69929 2.2545 3.68559 1.70252 1.14318 1.39294 3.37624 1.65313 1.29347 2.84277 4.14681 1.1585 1.36132 0.830928 0.929632 1.61287 -0.0400347 0.228537 1.99333 1.82064 0.673029 1.97964 0.753309 1.44766 3.4536 2.38033 1.94391 3.95958 1.55886 0.709816 1.83821 1.56087 3.9868 3.28222 2.13603 4.7641 2.69107 2.30237 0.98296 2.5669 1.57825 2.68831 0.531866 0.278975 1.33364 3.31961 0.414613 
-0.10274 0.172357 9.67438 -1.09462 1.94347 1.15866 1.34796 2.08641 0.815881 1.02245 -0.860691 -0.130821 1.72991 -0.101181 9.99817 8.32736 -0.437114 -0.0858113 1.85968 -1.17863 2.12881 -0.408707 -0.764355 2.07944 2.00987 0.354469 1.51187 -0.355033 0.242465 1.31206 2.20412 -0.230344 0.389605 -0.0719714 -0.315752 1.53505 -0.812384 -0.358847 1.5611 -0.00601944 3.68046 1.2816 0.91271 1.77222 9.89991 1.61758 -0.233788 -0.34739 1.78329 9.91411 9.85255 1.25846 -0.575482 1.85163 -2.5021 0.144713 2.10701 2.19872 2.23303 -0.280773 -0.229248 0.51928 -0.62543 -0.508921 
2.45004 -0.0140005 9.08111 -0.97287 1.4113 0.743533 1.45069 1.34413 -0.432089 3.28535 -1.99376 -0.195442 1.51592 -0.382824 9.99959 9.99754 -0.416755 0.832985 1.85103 -0.499516 1.46055 0.870011 -0.0277943 1.17583 1.56716 0.911305 1.44107 -0.503575 -0.609568 2.2604 2.08701 -0.184488 0.0785756 -0.276618 -0.256702 1.35192 -0.413274 -0.189565 1.45048 -0.0805794 0.805858 1.8457 1.64552 1.83515 9.9982 1.90334 0.0764756 -0.503537 1.91007 9.99835 9.99788 1.22024 -0.0917481 1.65227 -2.05586 -0.484221 1.97072 1.56218 0.964903 -0.223598 1.14745 1.38175 1.75962 -0.345387 
1.54781 0.0739107 8.26627 -0.853178 3.1313 0.895506 1.56478 0.988903 -0.165972 1.52542 -1.10018 -0.0947478 1.42843 -0.223179 6.14915 9.96565 -0.427275 0.816663 1.70113 -1.06996 0.699734 0.605791 -0.111353 1.57097 1.90182 0.198874 1.90355 0.0352588 1.77181 1.79495 3.07578 -0.307591 -0.134419 -0.5615 -0.564126 1.71769 -0.915813 -0.126983 1.26129 -0.0778333 0.466067 1.1459 1.89981 1.3061 9.97692 1.01276 -0.435372 1.70496 0.72605 9.97976 9.97137 0.473449 -0.479867 0.631373 -2.45635 0.0950152 1.46351 0.911266 1.11155 0.650692 0.403372 2.66216 1.92915 -0.227772 
1.4941 -0.191645 8.86614 -0.763133 1.67204 0.597831 1.85317 1.02819 -0.37077 1.71303 -0.915325 -0.215372 1.75085 -0.310507 9.97182 9.96811 -0.374133 0.860115 1.52696 -0.915397 1.02717 -0.218911 0.204453 1.11242 1.84756 1.21912 2.10015 -0.139766 0.199679 1.70776 2.79199 -0.372178 1.37663 -0.437306 -0.146985 1.52636 -0.557947 -0.118778 1.00879 -0.0590876 0.656955 2.01495 1.73782 1.38283 9.97997 1.08663 -0.498015 1.06519 1.68609 9.9831 9.97575 2.6975 -0.429129 2.01711 -2.17851 0.0980199 1.06105 1.27372 1.63997 -0.638633 -0.587393 1.12366 2.19741 -0.110617 
2.01205 0.13821 8.7437 -0.955045 1.31468 0.792086 1.68635 1.73884 0.0600636 1.45007 -1.58955 -0.133146 1.90886 -0.289142 9.93397 10 -0.353527 1.12898 1.60225 -1.03647 1.74888 0.735204 -0.0377651 1.56528 1.43441 -0.063446 1.51014 -0.450988 0.0493795 2.13848 1.7029 -0.132044 0.132761 -0.218046 -0.114352 1.52173 -0.387507 -0.226913 1.64316 0.0125039 2.47723 1.88966 1.81638 1.32727 10 1.51609 0.128769 -0.453043 1.96782 10 10 1.24685 -0.550121 1.47745 -2.59044 0.0192117 1.72297 1.5828 1.15328 -0.222156 0.212507 2.32048 2.47758 -0.101191 
1.36854 -0.374935 9.09628 -0.842838 1.38729 0.700519 1.15819 1.68606 -0.564985 1.60701 -0.998112 0.00120885 1.63981 -0.421897 9.50012 9.92387 -0.284665 0.734636 1.2529 -1.06914 1.96061 -0.0801421 -0.128503 1.41249 1.58113 -0.594903 1.38062 -0.0229312 -0.0920481 1.27792 2.53451 -0.176628 -0.18595 0.279756 -0.305767 1.39027 -0.984742 -0.243288 2.22768 -0.504309 2.47462 2.1945 1.51121 1.72979 9.92839 1.90627 -0.218138 -0.153844 2.20289 9.93226 9.92367 1.21208 -0.371368 2.13147 -2.8936 -0.0628225 2.26268 1.67754 2.03654 -0.106154 0.354487 1.293 2.06958 -0.541721 
1.8087 -0.111527 9.04298 -0.93677 2.05509 0.622019 0.938802 1.30732 -0.695663 1.29785 -1.20563 -0.109332 1.63643 -0.187376 9.36582 9.9506 -0.488186 -0.701017 1.04293 -0.932655 1.89723 0.74745 0.231201 1.61272 1.7911 -0.00997901 1.46457 -0.805474 0.143937 1.68115 1.23316 -0.227948 -0.585514 -0.44854 -0.313861 1.79156 -0.901608 -0.163936 1.72062 -0.150614 3.32099 0.849301 0.703114 1.43203 9.97861 1.67838 -0.578837 1.7183 1.99262 9.97919 9.96359 3.0999 -0.833529 2.43485 -2.09403 0.302014 0.899316 1.53687 1.18202 -0.0695749 -0.361658 0.815212 1.81106 -0.203044 
4.6677 -0.702368 9.56683 1.76432 -3.29494 -0.10738 -0.21077 0.244441 -0.919411 2.27049 1.80761 -0.748323 -0.181189 -0.404737 6.16968 8.64509 -0.964191 0.126028 -0.0805392 -0.180085 -0.506595 -0.367638 3.90543 -1.97041 -0.931869 -0.11896 -1.13779 -1.02908 -1.06175 -1.57139 -0.609314 -0.441074 -0.189693 -1.05892 -0.447454 -0.173005 1.31858 -0.190133 -0.460315 -0.340738 -2.28583 -1.17649 0.724906 -1.014 9.99756 -0.260576 0.219573 0.293732 -0.805794 9.99758 9.31013 -0.410505 0.996791 -0.702986 0.724386 -2.36412 -0.407223 -0.164479 -1.4011 -0.318642 -0.169057 -0.445275 6.09553 -0.426784 
-0.270373 -0.522619 8.10765 -0.322212 -0.0618275 -0.863032 -0.184613 -1.47084 -0.104034 -0.233249 0.503785 -0.948139 -0.828728 -0.0880185 9.67884 9.9931 -0.346911 -0.532819 -1.14691 4.44858 -0.712247 -0.480054 0.0356456 -0.00340154 -0.974241 -0.354047 -0.714941 1.54677 -0.974008 -0.580551 -0.204321 -0.1677 -0.81587 -3.5451 -0.527247 -1.00546 0.233927 -0.651984 -0.980938 -0.623758 -0.179784 0.181494 -0.79373 -1.29082 9.99662 -0.51329 -0.0222462 -0.521072 -1.33559 9.99763 9.99413 -0.168774 -0.3947 -0.961762 0.707572 -0.763634 -0.422265 -0.791602 -0.877154 -0.363551 -0.507003 -0.331383 -0.4829 0.0499758 
0.318149 -0.240929 8.74189 1.00109 -1.09825 -0.0349738 0.755253 0.0531157 -0.940205 0.4857 1.34295 -0.331005 0.860372 -0.509977 9.76001 9.99708 -0.22074 -0.248464 0.462091 3.28864 -0.160355 -0.118925 1.1572 1.91696 -0.0292803 -1.41717 -0.454476 1.82711 0.0991201 0.205734 0.962605 -0.450227 0.555149 -3.7422 -0.222435 0.661642 -0.518686 -1.17826 -0.111988 -0.433318 0.849459 -1.9223 0.818415 -0.00999626 9.99808 0.489681 -0.468888 -0.384592 0.00644525 9.99825 9.99766 0.832999 0.0774384 0.492577 -1.62997 -0.875022 -0.0240479 0.594763 0.134026 -0.380465 -0.399004 0.425372 0.629485 -0.172562 
-0.473625 0.0746799 0.326566 -0.155129 0.341016 -0.233397 -0.355001 0.0976283 0.0902977 0.118493 0.523751 -0.0699765 0.49998 0.058603 0.203268 0.130321 0.219379 -0.303547 0.709706 0.0766231 -0.264249 0.337554 0.206213 -0.38196 -0.0933805 0.276848 0.22818 0.0354526 -0.207791 -0.381628 -0.25754 0.150871 0.0467967 0.0543035 0.172306 -0.0532886 -0.0300843 0.260378 -0.682317 0.337364 -0.0209804 0.142109 0.023859 0.160873 -0.240626 0.152797 -0.0598334 -0.168899 0.498861 -0.173501 -0.184235 0.340114 -0.167231 0.150188 -0.384399 0.242957 0.305523 0.147756 -0.451153 0.0846159 -0.205148 -0.385376 -0.38481 0.0575443 
0.529152 -0.0854796 -0.10799 -0.130784 -0.267644 0.35073 -0.0848494 -0.296948 0.0241659 0.0660078 -0.100454 0.20226 -0.180429 -0.553365 -0.198114 0.159823 0.293542 0.124936 -0.0920515 -0.306022 0.467026 0.268831 0.44743 0.275887 0.108195 -0.292419 0.521769 -0.167658 0.18501 0.16263 -0.166756 0.0107275 -0.182898 0.212624 0.232481 -0.390304 -0.302653 0.388054 0.274528 0.0833253 0.2621 0.127461 0.0406711 0.0243842 0.196934 0.0583627 -0.0925336 0.0935312 0.22973 -0.265719 0.0460618 -0.130671 0.142566 0.502902 -0.21118 -0.0498423 -0.197477 0.0221708 -0.000228049 0.116579 0.233778 0.507788 0.0917271 0.235526 
0.234001 0.161894 0.0128361 -0.0507467 0.184619 0.427099 0.15833 -0.232878 0.10267 0.329369 -0.165067 0.0588364 -0.438492 -0.122411 0.169609 -0.183314 0.149629 -0.377779 0.019252 0.0722195 0.212723 0.242956 -0.0937046 -0.00765927 -0.239041 -0.524483 0.166847 -0.0222292 -0.281494 -0.197258 -0.57109 -0.296748 0.120259 0.293504 -0.17241 -0.0447208 -0.184127 0.13937 0.0283061 0.377389 -0.0100092 -0.123161 0.132251 0.0501115 -0.121811 -0.22149 -0.226005 0.13517 0.204027 -0.170186 -0.130144 1.02983 -0.359284 -0.338805 0.0185646 0.286389 0.0734024 0.108569 -0.298102 -0.0191849 0.10591 -0.357812 0.119642 -0.12954 
-0.202551 0.227022 0.00901559 0.056951 -0.18713 -0.372202 0.244617 -0.400158 0.183268 0.724292 -0.630452 0.376252 0.0248545 -0.150473 -0.262006 0.14477 0.25702 0.238705 0.0348087 -0.204693 0.286771 0.0755537 -0.287619 0.123736 -0.432156 -0.460257 -0.205629 0.0151793 0.458748 -0.181447 0.101729 0.543355 -0.127194 0.432413 0.249695 0.0152828 -0.0120648 0.156072 0.096308 -0.0460461 0.0871422 0.13033 0.0964112 0.164113 0.389491 0.471955 -0.306564 -0.0400058 -0.121415 -0.0145285 0.22572 0.594535 0.166705 0.2282 0.0377505 -0.860355 0.0467204 -0.0794349 0.265452 0.121988 -0.0524655 0.0442505 -0.212032 -0.292816 
-2.54382 -2.06682 3.53369 -7.07255 -1.67666 -1.4883 -1.78652 -2.30597 -1.09375 -2.10045 -7.63208 -1.57787 -2.78388 -2.55228 9.16682 9.98471 -2.20585 -2.35572 -2.25533 0.203379 -2.36219 -2.33576 -1.68145 -3.73245 -2.25964 -1.11052 -2.40215 0.113409 -1.86385 -2.34163 1.9575 -2.23212 -2.04348 -9.48228 -2.32364 -2.16687 -3.04865 -1.5551 -2.99396 -2.38507 -0.415665 -1.91699 -2.70852 -1.96153 9.9892 -2.97507 -1.69396 -2.34409 -2.2584 9.99014 9.98721 -1.3477 -6.18121 -2.60069 -5.37753 -0.492732 -2.87269 -2.75234 -3.03501 -2.10187 0.0092528 -1.40558 -3.17674 -2.21555 
-9.82499 
-9.9864 
-0.0875169 
-9.96465 
-9.995 
-9.98902 
-9.98834 
-9.98754 
-9.98671 
-6.15684 
-9.96949 
-9.98737 
-9.98747 
-9.98408 
0.0213864 
0.56124 
-9.98431 
-9.98148 
-9.98534 
-9.91018 
-9.98118 
-9.98789 
-9.98579 
-9.99419 
-9.98501 
-9.98714 
-9.9848 
-9.53148 
-9.98466 
-9.9883 
-9.12098 
-9.98514 
-9.98124 
-5.71016 
-9.98444 
-9.98686 
-9.98501 
-9.9854 
-9.9895 
-9.98488 
-9.95035 
-6.78621 
-9.98254 
-9.97747 
0.409016 
-9.98554 
-9.98581 
-9.98619 
-9.97145 
0.373567 
0.484018 
-9.95179 
-9.96631 
-9.97265 
-9.96828 
-9.99041 
-9.9865 
-9.98803 
-9.98641 
-9.98533 
-9.92729 
-8.64316 
-9.98025 
-9.98439 
9.9703 

# Training State Metadata
FILENAME tetris_model_best_20260907_171322_score2396400.txt
EPSILON 0.14158
EPSILON_MIN 0.05
EPSILON_DECAY 0.995
LEARNING_RATE 0.0015
GAMMA 0.99
TRAINING_EPISODES 60445
TOTAL_GAMES 391
BEST_SCORE 2396400
AVERAGE_SCORE 108180
PREVIOUS_AVG_SCORE 108180
