# Neural Network Model File
# Saved: 2026-09-06 18:15:55
# Filename: tetris_model_best_20260906_score2117600.txt
#
-2.45781 0.0551556 9.99179 0.593085 0.414472 -1.9259 -1.57752 -2.15622 -1.29135 0.0872186 1.06383 0.102969 -1.4227 -0.0897208 9.99927 9.95967 0.147222 -1.19422 -1.45576 6.0268 -1.08985 -1.02416 -2.21404 0.312696 -1.19981 -0.992934 -1.13681 2.92359 -1.25599 0.374641 -1.33516 -0.251303 -0.0672555 -4.94335 -0.0269375 -1.45512 -0.208757 0.20256 -1.41455 0.282936 -0.39694 -0.958254 -1.77615 -1.82089 9.98602 -1.46583 -0.724701 -1.74854 -1.07054 9.98695 9.97135 -0.882193 0.160899 -1.0607 1.35767 0.404873 -1.07242 -1.48287 -0.812045 -0.451111 -0.661598 -0.772753 -1.09678 -0.0645025 
-0.84973 -0.53507 9.99327 0.947166 -0.242178 -0.459623 -2.01976 -1.73164 -1.10231 2.86096 1.52481 -0.0882609 -0.287401 -0.466717 9.99884 9.97249 -0.211824 -1.74205 -0.445889 5.7945 -0.835954 -0.0541967 -0.806282 0.550564 -0.548062 0.429952 -1.14577 3.20317 -1.33928 0.789312 -2.46767 -0.340554 0.28881 -4.24815 -0.280276 -0.853253 1.50572 -0.969818 -0.119617 -0.439576 -0.541119 -1.95529 -0.516746 -1.17066 9.98132 -0.438947 0.308426 0.375926 -0.590117 9.98248 9.97936 0.644491 -0.0668078 -0.775728 1.86153 0.427281 -0.196294 -1.66904 0.0789188 -0.730836 0.185747 0.389803 2.75954 0.00737428 
0.143974 -0.285154 9.9924 -0.339493 -0.381724 0.429069 0.735301 -0.595023 -0.806617 2.99015 -0.290639 -0.628459 -0.0334805 -0.369793 9.99899 9.94833 -0.329347 -0.123381 -0.968901 4.01852 -0.343519 -0.233687 -1.52474 -0.596932 -0.074054 1.76399 -1.45941 1.95251 -0.396122 0.936351 -1.9876 -0.50805 -1.18831 -3.24231 -0.107902 -0.513268 -0.340696 -0.796708 0.478391 -0.30584 1.14763 1.29172 -0.232514 -0.523309 9.97308 0.0143457 -1.05802 0.0468848 -0.754248 9.98522 9.95834 -0.123392 -0.415898 -0.994932 0.180386 -1.36679 0.114918 0.189191 -0.550828 -0.87254 -1.85703 0.900092 -0.598937 -0.710683 
0.980029 -0.187199 9.99076 -0.239306 -0.821279 0.285523 1.63153 -0.719378 -0.256179 1.19835 0.498002 -0.184121 -1.2145 -0.0567871 9.9989 9.98174 -0.151638 0.0388086 -0.808739 4.65688 -0.7264 -0.584315 -1.30544 -1.028 -1.56124 1.66181 -0.806587 2.3785 -0.682555 -1.38573 -1.15468 -0.457436 -0.148167 -3.41727 -0.322233 -1.13921 0.019934 -0.71062 -0.367201 -0.196626 -0.513872 1.61484 -1.08074 -1.12823 9.98784 -0.793417 -0.16127 -0.22568 -0.848277 9.98863 9.98444 0.0675287 -0.102319 -1.29386 0.792413 -0.80178 -0.495826 -0.285782 -0.858471 -0.975272 -1.31059 0.136082 -0.249058 -0.32107 
1.59987 -0.130621 9.99459 -0.373372 -1.53232 -1.01312 0.986604 -1.20929 -0.89497 0.303242 0.425869 0.381538 -0.152524 -0.088702 9.99922 9.92397 -0.113083 0.190428 -0.814561 4.6291 -1.05697 0.266597 0.367643 0.147657 -1.66349 1.32739 0.184946 1.54558 0.34034 -1.22553 -1.08145 0.449618 0.142781 -3.82754 -0.210169 -0.939567 0.374795 0.0687261 -0.506906 -0.264488 -0.0443553 2.28524 -0.439995 -0.657391 9.95911 -0.696514 -0.647653 -0.68998 -1.21514 9.97375 9.93876 -0.206144 -0.406423 -0.666199 0.707324 -0.0926496 -0.515022 -0.706641 -0.756805 -0.620876 -1.27435 -0.730473 -0.806695 -0.0583062 
1.51132 -0.347932 9.99452 0.874846 -1.36402 -0.0312651 0.42283 -1.06742 -0.180652 -2.28646 1.22128 -0.508694 -0.69795 -0.276435 9.99887 9.95139 -0.245496 0.183404 -0.617839 5.02361 -0.725009 -0.353225 -0.543205 -1.24846 -1.34725 0.700253 -0.657281 2.23032 -0.544156 -1.34861 -0.722325 -0.533854 -0.541053 -3.19935 -0.390809 -0.542999 0.343194 0.172677 -0.689855 -0.227084 -0.935981 1.6803 -0.578398 -0.476314 9.96773 0.0604816 0.281573 -0.299228 -0.801704 9.97223 9.95844 -0.609558 0.566365 -0.764211 1.08432 -0.0156086 -1.00417 -0.254329 -0.733079 -0.193699 -0.0190213 -0.848726 0.271737 -0.0887379 
0.320876 -0.318618 9.9954 0.520378 -1.03715 -0.0972077 0.0716995 -0.6712 -0.951951 -1.13826 0.102618 -0.455123 -0.269266 -0.0759609 9.99913 9.95705 -0.278319 0.925326 -1.06518 4.90041 -0.871288 -0.43119 0.435666 -0.102872 -0.332784 0.911004 -0.552654 1.15134 -0.204791 -0.792946 -0.164656 -0.415715 -0.436125 -3.51772 -0.223852 -0.865338 0.551465 -0.0894713 -0.255484 -0.356258 -0.0467147 0.244613 -0.809985 -0.917646 9.97039 -0.12514 -0.446371 -0.794261 -1.25172 9.97417 9.96171 0.236666 -0.465175 -0.932023 0.0159606 -0.138663 -0.369737 -0.443484 -0.448748 -0.791403 0.325548 -0.329844 0.011013 -0.413125 
-0.562681 -0.264865 9.99307 1.75814 -0.563804 0.0743783 -0.482949 -0.240037 -0.332771 -2.18011 1.39968 -0.0361543 -0.296914 -0.429272 9.99921 9.96427 -0.16506 -0.262959 -1.03021 4.1924 -0.549389 -0.339243 1.73975 -0.370339 -0.0369088 -0.98917 -0.904374 1.86911 -0.301484 -1.24283 -1.67558 -0.161304 -1.00659 -3.43773 -0.288903 -0.315102 2.31952 0.153472 -0.487481 -0.247232 0.0935761 0.0823709 -0.99237 -0.523747 9.98286 -0.48737 -0.746917 0.0853038 -0.571527 9.98506 9.97405 -0.481359 0.739712 -0.207817 0.450352 -0.193085 -0.491089 -0.185709 -0.281084 0.035907 0.216938 -0.816565 -0.400076 -0.387482 
0.665682 -0.357142 9.99364 0.846987 -1.09899 -0.777334 -1.08594 -0.403432 -0.341863 -0.956001 0.750466 -0.320952 0.00258048 -0.41535 9.9996 9.92571 -0.646407 -1.13637 -0.421955 4.24101 -0.21296 -0.24945 3.94001 0.243802 -0.239852 -2.82499 -0.397881 1.70949 -1.13075 0.456591 0.586248 -0.0427576 -0.594279 -3.9338 -0.358584 -0.442875 0.0808027 -0.700984 -0.150209 -0.394759 -1.15012 -0.920044 0.537932 -0.238361 9.95471 -0.0227664 -0.197066 -0.733058 -0.587933 9.96832 9.93866 -0.699635 -0.0133357 -1.25343 1.55373 -1.80072 -0.323729 -0.167201 -0.415545 -0.142112 0.610155 -0.502254 1.25852 -0.567175 
-1.63484 -0.317508 9.99311 -0.014041 0.397404 -2.16282 -2.51701 -1.12235 0.294263 -2.16438 0.524639 -0.584051 -0.605795 -0.242573 9.99966 9.97783 0.0361157 -1.04646 -1.14598 5.1371 -0.73197 -0.804932 0.209666 0.688084 -1.11143 -2.73381 -1.61398 1.56003 -0.573309 -1.24374 0.452705 -0.598968 -0.07325 -4.59602 0.0484696 -0.751987 -1.42531 -0.237983 -0.995083 -0.248535 -0.126805 -0.395598 -0.463906 -1.00212 9.98717 -1.14444 -0.417114 -0.895342 -1.14962 9.98806 9.98503 -0.613696 -0.621758 -0.783706 0.665192 -0.848782 -0.560435 -0.960318 -0.668859 0.00524849 0.0582568 -1.05839 -1.26607 -0.101826 
0.362115 -0.296284 9.99462 4.63056 -1.00281 -0.60143 -0.478188 -0.356009 0.0116688 -0.697992 5.37823 -0.422213 -1.00058 0.0379347 9.99943 9.95515 -0.386695 -0.964992 -0.98578 6.95716 -0.493907 -0.269762 0.589985 2.27534 -0.573133 -0.998905 -0.871261 3.96838 -0.408805 -0.703303 -2.85675 0.00586163 -1.3215 -4.92498 -0.156279 -1.16111 1.64521 -0.126048 -0.287819 0.0676493 -1.22318 -0.701898 -1.07742 -1.3852 9.97683 -0.581418 -0.406664 0.0784021 -0.87423 9.97855 9.9697 -0.766788 3.13191 -0.702088 1.79906 -0.921029 -0.84378 -0.348822 0.85617 0.452013 -0.868595 -0.709401 0.96949 -0.534325 
7.31207 2.39334 -1.97037 9.94758 5.44779 3.50131 4.2309 4.11616 2.11488 6.21335 9.98992 2.456 4.5033 2.47176 7.02134 -8.81221 2.13301 3.29784 5.51066 9.98887 3.57958 2.81324 4.50466 5.82535 4.96028 4.73507 6.91265 9.98895 3.73298 5.27817 7.1034 2.06665 3.23395 2.64783 2.05615 5.39764 4.48304 2.10704 4.70363 2.21608 7.11084 8.15043 5.89129 5.93397 -7.38475 4.4709 2.53136 4.5451 4.08903 -7.16492 -8.1553 5.48686 9.94387 5.7642 5.2596 3.06496 4.7156 3.91136 5.68939 2.67307 3.10192 5.13077 7.2629 2.79484 
2.82023 0.94757 6.7707 6.16863 2.2232 0.956333 1.73952 1.59898 1.23614 1.83518 5.9253 0.426634 2.08725 1.26094 9.36016 1.32074 0.891173 1.81289 2.36811 4.25175 1.81612 1.25677 1.47554 3.49323 1.76674 1.39244 2.95637 4.71551 1.27211 1.47627 1.52843 1.04323 1.72646 0.0732046 0.342136 2.10693 1.91464 0.786624 2.09324 0.866908 1.83905 3.51006 2.49393 2.05752 2.83136 1.67246 0.823414 1.95181 1.67447 2.88555 2.14992 2.37997 4.87769 2.80467 2.43647 1.09656 2.6805 1.69185 2.80191 0.645465 0.555285 1.61486 3.39424 0.528212 
-0.124927 0.162749 9.9974 -0.894289 1.92879 1.14916 1.44882 2.07694 0.806396 0.263403 -1.1221 -0.140352 1.72043 -0.110786 9.99954 6.62581 -0.446699 -0.0954094 1.85023 -1.22203 2.11929 -0.418309 -0.435249 1.73017 2.00041 0.345027 1.50235 -0.393456 0.232906 1.30265 2.05646 -0.239934 0.380027 -0.0831069 -0.325341 1.52553 -0.733754 -0.368398 1.55156 -0.0156253 3.62907 1.90008 0.903214 1.76276 9.13058 1.60807 -0.243371 -0.357008 1.77375 9.48702 7.8258 1.25504 -0.58519 1.84203 -2.51215 0.135194 2.09753 2.18923 2.22355 -0.290314 -0.230662 0.507325 -0.240794 -0.518522 
1.72552 -0.014537 9.99466 -0.883148 1.41055 0.742879 1.36403 1.34336 -0.432717 2.48801 -1.33965 -0.196062 1.51525 -0.383241 9.99848 9.93026 -0.417225 0.83253 1.85028 -0.709854 1.45982 0.869415 0.0949295 1.20308 1.5664 0.906447 1.44034 -0.714638 -0.610201 2.29614 2.51015 -0.184976 0.078005 -0.281197 -0.257171 1.35117 -0.699604 -0.190165 1.44982 -0.0810404 0.823489 0.774054 1.64485 1.83434 9.95362 1.90268 0.0759405 -0.504141 1.90925 9.96646 9.93962 1.24326 -0.092083 1.65152 -1.89739 -0.484875 1.97004 1.56153 0.964254 -0.224201 1.55881 1.30657 2.04665 -0.345869 
1.77523 0.0977526 10 -0.813935 2.65654 0.919309 1.53632 1.01285 -0.142162 1.16104 -1.23058 -0.0709066 1.45224 -0.199264 6.71735 9.92332 -0.403377 0.840504 1.72502 -1.11988 0.72362 0.629627 -0.20374 1.49714 1.92569 0.22267 1.92743 0.172957 1.79566 1.81881 2.75396 -0.28371 -0.110553 -0.537605 -0.540223 1.74158 -0.736755 -0.103152 1.28513 -0.0539519 0.869045 1.07665 1.92362 1.33002 9.92295 1.03659 -0.411523 1.72882 0.750036 9.92738 9.92453 0.496921 -0.455968 0.655358 -2.37853 0.118825 1.48733 0.935085 1.1354 0.674534 -0.517123 2.85172 1.85281 -0.203885 
1.57673 -0.191787 9.98434 -0.672442 1.68986 0.597693 1.60965 1.02792 -0.370901 2.14823 -0.90512 -0.215527 1.7507 -0.310624 9.99663 9.9399 -0.374239 0.859986 1.52668 -0.922417 1.02694 -0.219063 0.0186808 1.57917 1.84731 1.24084 2.09991 -0.150869 0.199589 1.70757 2.36168 -0.372296 1.3765 -0.448945 -0.147088 1.52615 -0.755729 -0.118928 1.00865 -0.0592036 0.725933 1.15267 1.73765 1.38257 9.94329 1.08648 -0.498146 1.06512 1.68575 9.94698 9.93937 2.85772 -0.429276 2.01686 -2.19653 0.0978892 1.06089 1.27356 1.6398 -0.638758 -0.476151 1.22399 1.77017 -0.110724 
2.06918 0.152353 9.93364 -0.917904 1.32879 0.806233 1.48988 1.75284 0.0741999 2.32776 -1.18331 -0.118973 1.92303 -0.275203 9.99009 9.95792 -0.339518 1.14305 1.61632 -0.967322 1.76298 0.749336 -0.52859 1.31075 1.44857 -0.0492384 1.52422 -0.584758 0.0634701 2.17668 2.53709 -0.118006 0.146833 -0.228331 -0.100343 1.53588 -0.504917 -0.212765 1.65727 0.026563 1.71371 1.27618 1.83052 1.34134 9.96159 1.53021 0.142868 -0.438929 1.98182 9.96327 9.95821 1.30226 -0.536317 1.49151 -2.61218 0.0334025 1.73708 1.59694 1.16739 -0.20808 0.300624 1.54386 1.92859 -0.0871445 
1.69086 -0.386673 9.98666 -0.866809 1.37563 0.688771 1.41911 1.67443 -0.576754 1.36767 -1.21284 -0.010569 1.62807 -0.433542 9.99796 9.90798 -0.296354 0.722946 1.24129 -1.11925 1.94897 -0.0918859 -0.205712 1.64654 1.5695 -0.606649 1.36892 -0.0438031 -0.103775 1.26633 2.85494 -0.188329 -0.197712 0.291884 -0.317456 1.37863 -0.708633 -0.255068 2.21592 -0.515993 2.09568 1.57447 1.49951 1.71822 9.93336 1.8945 -0.229878 -0.165643 2.19137 9.93823 9.92357 1.29017 -0.382996 2.11982 -2.90557 -0.0746267 2.25096 1.6658 2.02478 -0.117876 0.2341 1.52225 1.85763 -0.553414 
1.56895 -0.0932978 9.51932 -0.912076 2.19989 0.640133 1.13681 1.32552 -0.677529 1.84806 -1.69075 -0.0911803 1.65455 -0.169099 9.98705 9.97802 -0.469939 -0.682725 1.0611 -0.83748 1.91531 0.765641 0.0740188 1.64105 1.80922 0.00805199 1.48277 -0.676149 0.162165 1.69926 1.22433 -0.209712 -0.56729 -0.414916 -0.295611 1.80974 -0.783414 -0.145762 1.73873 -0.132352 3.40905 1.64214 0.721241 1.45019 9.98389 1.69651 -0.560605 1.73648 2.01074 9.98599 9.98097 2.59658 -0.815097 2.45304 -2.03928 0.320161 0.9174 1.55502 1.20012 -0.0514383 -0.0714275 0.938936 1.96591 -0.184788 
4.43279 -0.670597 9.99983 1.87825 -3.22098 -0.075616 -0.136859 0.276226 -0.887639 2.1245 1.87907 -0.716551 -0.149423 -0.372962 6.25365 7.68621 -0.932411 0.157793 -0.048757 -0.0188958 -0.474828 -0.335871 3.54921 -1.90513 -0.900096 -0.0630266 -1.10601 -0.860723 -1.02997 -1.52651 -0.214747 -0.409297 -0.157918 -1.02532 -0.415674 -0.141232 1.2481 -0.158363 -0.428548 -0.30896 -2.00143 -1.37519 0.756676 -0.982213 9.26191 -0.22881 0.251347 0.325498 -0.774016 9.67074 8.29454 -0.314964 1.02857 -0.671208 0.808776 -2.33235 -0.375451 -0.132712 -1.36932 -0.286864 -0.181109 -0.560689 5.65088 -0.395005 
-0.206212 -0.491756 9.99326 0.191895 -0.151795 -0.832167 -0.287337 -1.43998 -0.0731687 -0.445768 0.825289 -0.917265 -0.797857 -0.0571287 9.99917 9.95956 -0.316019 -0.501927 -1.11604 4.6023 -0.6814 -0.449219 0.242234 0.0278982 -0.943346 -0.422937 -0.68408 1.70347 -0.943106 -0.558584 -0.582109 -0.136822 -0.784993 -3.51796 -0.496354 -0.974565 0.266301 -0.621122 -0.950089 -0.592864 -0.289416 0.334505 -0.762856 -1.25994 9.98495 -0.482438 0.00862144 -0.490203 -1.30474 9.98588 9.97017 -0.175525 -0.363876 -0.930884 0.96054 -0.732747 -0.391409 -0.760741 -0.84627 -0.332696 -0.701031 -0.587116 -0.38621 0.0808673 
0.312295 -0.203129 9.99892 1.37312 -1.30492 0.00282892 0.585287 0.0909355 -0.902399 0.429684 1.50778 -0.293201 0.89818 -0.472163 10 9.93594 -0.182923 -0.210651 0.499917 3.47342 -0.12256 -0.0811372 0.711482 1.95332 0.00853937 -1.49456 -0.416675 2.02478 0.136949 0.233484 1.23759 -0.412418 0.59295 -3.70307 -0.184618 0.699469 -0.445594 -1.14046 -0.0741987 -0.3955 0.877031 -2.34455 0.856228 0.0278345 9.96198 0.527476 -0.431082 -0.346799 0.0442522 9.97203 9.94898 0.308949 0.115249 0.530394 -1.49999 -0.83722 0.0137522 0.632567 0.171828 -0.34266 -0.609828 0.305408 0.508524 -0.134746 
-0.473625 0.0746799 0.326566 -0.155129 0.341016 -0.233397 -0.355001 0.0976283 0.0902977 0.118493 0.523751 -0.0699765 0.49998 0.058603 0.203268 0.130321 0.219379 -0.303547 0.709706 0.0766231 -0.264249 0.337554 0.206213 -0.38196 -0.0933805 0.276848 0.22818 0.0354526 -0.207791 -0.381628 -0.25754 0.150871 0.0467967 0.0543035 0.172306 -0.0532886 -0.0300843 0.260378 -0.682317 0.337364 -0.0209804 0.142109 0.023859 0.160873 -0.240626 0.152797 -0.0598334 -0.168899 0.498861 -0.173501 -0.184235 0.340114 -0.167231 0.150188 -0.384399 0.242957 0.305523 0.147756 -0.451153 0.0846159 -0.205148 -0.385376 -0.38481 0.0575443 
0.529152 -0.0854796 -0.10799 -0.130784 -0.267644 0.35073 -0.0848494 -0.296948 0.0241659 0.0660078 -0.100454 0.20226 -0.180429 -0.553365 -0.198114 0.159823 0.293542 0.124936 -0.0920515 -0.306022 0.467026 0.268831 0.44743 0.275887 0.108195 -0.292419 0.521769 -0.167658 0.18501 0.16263 -0.166756 0.0107275 -0.182898 0.212624 0.232481 -0.390304 -0.302653 0.388054 0.274528 0.0833253 0.2621 0.127461 0.0406711 0.0243842 0.196934 0.0583627 -0.0925336 0.0935312 0.22973 -0.265719 0.0460618 -0.130671 0.142566 0.502902 -0.21118 -0.0498423 -0.197477 0.0221708 -0.000228049 0.116579 0.233778 0.507788 0.0917271 0.235526 
0.234001 0.161894 0.0128361 -0.0507467 0.184619 0.427099 0.15833 -0.232878 0.10267 0.329369 -0.165067 0.0588364 -0.438492 -0.122411 0.169609 -0.183314 0.149629 -0.377779 0.019252 0.0722195 0.212723 0.242956 -0.0937046 -0.00765927 -0.239041 -0.524483 0.166847 -0.0222292 -0.281494 -0.197258 -0.57109 -0.296748 0.120259 0.293504 -0.17241 -0.0447208 -0.184127 0.13937 0.0283061 0.377389 -0.0100092 -0.123161 0.132251 0.0501115 -0.121811 -0.22149 -0.226005 0.13517 0.204027 -0.170186 -0.130144 1.02983 -0.359284 -0.338805 0.0185646 0.286389 0.0734024 0.108569 -0.298102 -0.0191849 0.10591 -0.357812 0.119642 -0.12954 
-0.202551 0.227022 0.00901559 0.056951 -0.18713 -0.372202 0.244617 -0.400158 0.183268 0.724292 -0.630452 0.376252 0.0248545 -0.150473 -0.262006 0.14477 0.25702 0.238705 0.0348087 -0.204693 0.286771 0.0755537 -0.287619 0.123736 -0.432156 -0.460257 -0.205629 0.0151793 0.458748 -0.181447 0.101729 0.543355 -0.127194 0.432413 0.249695 0.0152828 -0.0120648 0.156072 0.096308 -0.0460461 0.0871422 0.13033 0.0964112 0.164113 0.389491 0.471955 -0.306564 -0.0400058 -0.121415 -0.0145285 0.22572 0.594535 0.166705 0.2282 0.0377505 -0.860355 0.0467204 -0.0794349 0.265452 0.121988 -0.0524655 0.0442505 -0.212032 -0.292816 
-2.70294 -2.01638 9.99046 -6.29077 -1.98554 -1.43804 -1.7656 -2.25572 -1.04344 -2.3749 -7.57177 -1.52755 -2.73358 -2.50169 9.99879 9.88921 -2.1553 -2.30514 -2.20505 0.0886809 -2.312 -2.28545 -2.09168 -3.49428 -2.20936 -1.04257 -2.35195 0.0471221 -1.81345 -2.23067 2.64303 -2.18161 -1.99311 -9.43386 -2.27308 -2.11654 -2.91614 -1.50478 -2.94376 -2.33448 -1.01562 -3.69093 -2.65822 -1.91123 9.96715 -2.92484 -1.64352 -2.29378 -2.20826 9.97105 9.94169 -1.49799 -6.13064 -2.55045 -5.02499 -0.442452 -2.82247 -2.70205 -2.98474 -2.05156 -0.115854 -1.61022 -3.38668 -2.16499 
-9.88297 
-9.85074 
-0.0515569 
-9.42666 
-9.83994 
-9.89752 
-9.9206 
-9.88814 
-9.89684 
-9.9047 
-9.05059 
-9.89719 
-9.92264 
-9.78639 
0.0271881 
0.551983 
-9.81079 
-9.7989 
-9.94775 
-9.80515 
-9.87053 
-9.83653 
-9.81036 
-9.86745 
-9.91787 
-9.9481 
-9.91183 
-8.06471 
-9.86293 
-9.95139 
-9.6953 
-9.82099 
-9.84532 
-5.58796 
-9.81133 
-9.89136 
-9.71418 
-9.87315 
-9.86577 
-9.81413 
-9.86447 
-9.96597 
-9.92673 
-9.92248 
0.398205 
-9.88687 
-9.84753 
-9.78312 
-9.8767 
0.362693 
0.473903 
-9.65779 
-9.60755 
-9.84104 
-9.15693 
-9.85011 
-9.90495 
-9.90091 
-9.92056 
-9.85438 
-9.95953 
-9.83786 
-9.82101 
-9.80767 
9.62597 

# Training State Metadata
FILENAME tetris_model_best_20260906_score2117600.txt
EPSILON 0.145173
EPSILON_MIN 0.05
EPSILON_DECAY 0.995
LEARNING_RATE 0.0015
GAMMA 0.99
TRAINING_EPISODES 57245
TOTAL_GAMES 385
BEST_SCORE 2117600
AVERAGE_SCORE 190811
PREVIOUS_AVG_SCORE 190811
