# Neural Network Model File
# Saved: 2026-09-06 16:03:13
# Filename: tetris_model_best_20260906_score1111100.txt
#
-1.83001 0.156102 9.99828 0.559243 0.569214 -1.82476 -1.17664 -2.0551 -1.19036 -0.416813 1.2397 0.203816 -1.32169 0.01135 9.99723 9.99372 0.248307 -1.09266 -1.35447 6.52291 -0.988871 -0.922827 -2.22822 0.0257206 -1.09863 -0.963264 -1.03555 3.46438 -1.15446 0.12914 -1.01452 -0.150328 0.0337693 -4.77633 0.074074 -1.35387 -0.157009 0.303478 -1.31365 0.383953 -1.30204 -1.07942 -1.67489 -1.7197 9.99424 -1.36488 -0.623722 -1.64716 -0.969465 9.99436 9.99398 -1.43343 0.90423 -0.959518 1.36091 0.505961 -0.971523 -1.3819 -0.711204 -0.349951 -0.749571 -0.662881 -0.525734 0.0366427 
-1.3351 -0.468018 9.99848 -0.297817 -0.113167 -0.392471 -1.80202 -1.66452 -1.03525 1.94673 0.606278 -0.0213088 -0.220367 -0.399531 9.99756 9.99454 -0.144612 -1.67421 -0.378573 6.1217 -0.768983 0.0132537 -1.79472 0.185804 -0.480884 0.389666 -1.07847 3.49219 -1.27156 0.579939 -1.51634 -0.273477 0.355928 -4.12387 -0.213164 -0.785994 -0.00379807 -0.902787 -0.0526665 -0.372451 -0.551253 -1.82077 -0.449419 -1.10346 9.99497 -0.371941 0.375513 0.443456 -0.523034 9.99507 9.99476 0.365667 0.624364 -0.708529 1.07984 0.494403 -0.129337 -1.60205 0.145814 -0.663559 0.160374 0.351908 2.03078 0.074651 
0.220854 -0.242857 9.99851 -0.21303 -0.316627 0.471563 0.232708 -0.552571 -0.764302 3.11634 0.174812 -0.586244 0.00886401 -0.327351 9.9976 9.9947 -0.286903 -0.0808295 -0.926324 4.22098 -0.301206 -0.191048 -1.65493 -0.416157 -0.0315696 1.93795 -1.41684 2.14698 -0.353481 0.843837 -2.50766 -0.465699 -1.14595 -3.15435 -0.0655128 -0.470712 -0.89464 -0.754424 0.520656 -0.263459 1.03531 1.54751 -0.189984 -0.480778 9.9951 0.0566653 -1.01571 0.0895493 -0.711841 9.99519 9.9949 -0.58147 0.129717 -0.952424 0.550326 -1.32436 0.157143 0.23151 -0.508636 -0.830056 -1.88901 0.616533 -0.35078 -0.668198 
0.97186 -0.17787 9.99839 0.488656 -0.705825 0.295082 1.38197 -0.709864 -0.246813 1.74605 0.861008 -0.174876 -1.20513 -0.0472631 9.9974 9.99395 -0.142116 0.048379 -0.799159 4.68549 -0.71701 -0.574642 -0.548362 -0.561945 -1.55172 1.85137 -0.796995 2.36001 -0.67285 -1.23657 -1.395 -0.448021 -0.138775 -3.35899 -0.312774 -1.12963 -0.103086 -0.701289 -0.357906 -0.187191 -0.510522 1.12963 -1.07122 -1.11865 9.99451 -0.784049 -0.151921 -0.215926 -0.838817 9.99464 9.99423 -0.0717252 0.395983 -1.2843 0.96263 -0.792282 -0.486588 -0.276407 -0.849231 -0.965721 -1.33777 -0.732732 -0.0905986 -0.311512 
1.34952 -0.102696 9.99844 -0.655321 -1.46443 -0.984924 0.620641 -1.18119 -0.867006 1.01719 -0.644391 0.409364 -0.124552 -0.0605745 9.99748 9.99425 -0.0849661 0.21851 -0.786414 4.75163 -1.02895 0.294895 -0.421668 -0.603531 -1.6354 1.28802 0.213108 1.70913 0.368548 -1.1419 -0.178689 0.477628 0.170727 -3.75124 -0.182115 -0.911404 -0.0167062 0.096651 -0.478993 -0.236459 -0.00439876 1.77988 -0.41194 -0.629203 9.99474 -0.668508 -0.619696 -0.661662 -1.18706 9.99486 9.99449 -0.261536 0.187044 -0.638025 -0.0417006 -0.0645262 -0.487164 -0.678636 -0.72899 -0.592751 -1.29868 -0.702744 -0.821657 -0.0301582 
0.79371 -0.300764 9.99854 0.825316 -1.3307 0.016117 0.297202 -1.02012 -0.133462 -1.77894 0.631848 -0.46163 -0.650772 -0.229064 9.99766 9.99491 -0.198146 0.230706 -0.57048 5.25061 -0.677809 -0.305717 0.110967 -0.684686 -1.29996 0.82653 -0.609928 2.47642 -0.496735 -1.31294 -0.689937 -0.486605 -0.493893 -3.10174 -0.343518 -0.495623 -0.157695 0.219834 -0.642712 -0.179804 -0.670594 1.32458 -0.531126 -0.42894 9.99527 0.107701 0.328769 -0.251695 -0.75445 9.99535 9.99509 -0.0418525 1.14397 -0.716856 0.615179 0.0316991 -0.957083 -0.207129 -0.686044 -0.146345 -0.178063 -1.18631 -0.268628 -0.041355 
0.488489 -0.349403 9.99854 0.346601 -1.13326 -0.127822 -0.192462 -0.701889 -0.98274 -0.921273 0.480751 -0.486013 -0.300059 -0.10656 9.99766 9.99491 -0.308926 0.89475 -1.09577 4.72335 -0.90208 -0.461616 1.09523 -0.584125 -0.363458 0.762163 -0.583256 1.01612 -0.235261 -0.821997 -0.756637 -0.446429 -0.466918 -3.49985 -0.254526 -0.895923 0.0496242 -0.120278 -0.286304 -0.38694 0.0835282 0.426772 -0.840643 -0.948255 9.99527 -0.155905 -0.477139 -0.824641 -1.28244 9.99535 9.99509 0.0777402 -0.0197405 -0.962632 0.104031 -0.169337 -0.400625 -0.474282 -0.479683 -0.821989 0.362339 -1.15109 -0.483958 -0.443693 
-0.437349 -0.214826 9.99848 1.943 -0.605589 0.124689 -0.231671 -0.189817 -0.28272 -2.96125 1.56512 0.013773 -0.246827 -0.379069 9.99756 9.99454 -0.114871 -0.21294 -0.979945 4.4342 -0.499269 -0.288852 1.31346 -1.03332 0.0133072 -0.892457 -0.854107 2.12961 -0.251264 -1.04637 -1.74204 -0.111205 -0.956567 -3.34262 -0.238763 -0.264798 2.07558 0.203481 -0.437423 -0.197106 -0.0734933 -0.179274 -0.942196 -0.473442 9.99497 -0.437261 -0.696867 0.135712 -0.521332 9.99507 9.99476 -0.677763 1.23485 -0.157533 1.01374 -0.142899 -0.441124 -0.135604 -0.231195 0.0861152 0.353397 -1.04376 -0.283109 -0.337262 
0.854694 -0.264376 9.99844 0.896609 -1.01147 -0.684394 -0.48492 -0.31058 -0.249097 -0.800192 0.664406 -0.228297 0.0953376 -0.322452 9.99749 9.99431 -0.553507 -1.04339 -0.329004 4.69499 -0.120214 -0.156359 2.7771 -0.179019 -0.146988 -2.61016 -0.304953 2.18261 -1.03771 0.423134 0.642531 0.050043 -0.501519 -3.79066 -0.265743 -0.349936 -0.608085 -0.608248 -0.0574766 -0.301916 -0.864946 -1.58742 0.630826 -0.145454 9.99479 0.0700242 -0.104281 -0.639959 -0.495144 9.9949 9.99454 -0.778128 0.625409 -1.16052 1.49967 -1.70791 -0.231033 -0.0744283 -0.322936 -0.0491996 0.319183 -0.181422 1.61776 -0.47424 
-1.5189 -0.235632 9.99832 -0.131911 0.477429 -2.08071 -2.36811 -1.04034 0.376134 -1.53199 0.862906 -0.50229 -0.523886 -0.160539 9.99729 9.99356 0.118152 -0.964443 -1.06393 5.53617 -0.65004 -0.722704 0.0603813 -0.235349 -1.02944 -2.45822 -1.53193 1.95336 -0.491228 -1.05469 0.513428 -0.517038 0.00862535 -4.47141 0.130449 -0.669916 -2.24907 -0.156147 -0.913201 -0.166569 -0.959149 -0.511934 -0.381892 -0.920065 9.9942 -1.0625 -0.335213 -0.813114 -1.06766 9.99434 9.99387 -0.533646 0.0442281 -0.701645 0.497916 -0.766818 -0.478608 -0.878383 -0.587116 0.0872891 -0.0514042 -1.42928 -0.947719 -0.0197507 
0.232462 -0.0830127 9.99822 3.96681 -0.783479 -0.387891 -0.373331 -0.142536 0.224958 -0.424113 4.42503 -0.209064 -0.787271 0.251441 9.99713 9.99334 -0.173184 -0.751362 -0.772241 7.98834 -0.280564 -0.0560428 -0.0356516 1.08664 -0.359661 -0.777144 -0.657684 4.96346 -0.195106 -0.441567 -1.48422 0.219231 -1.10815 -4.64439 0.0571417 -0.947543 0.364559 0.0871921 -0.0745529 0.28105 -0.6358 -0.970919 -0.863916 -1.17163 9.99394 -0.368124 -0.193367 0.292221 -0.660792 9.99408 9.99364 -0.216965 3.99418 -0.488544 1.66471 -0.707547 -0.630607 -0.135509 1.06932 0.665547 -0.641622 -0.76583 0.664901 -0.320766 
6.70405 2.09602 -2.61881 8.802 5.14806 3.204 3.81436 3.81884 1.81756 5.6451 9.22143 2.15867 4.20598 2.17444 6.45634 -8.0801 1.83569 3.00055 5.21337 9.98158 3.28225 2.51595 3.50524 4.88667 4.66297 4.33283 6.61535 9.98158 3.43569 4.96906 6.63161 1.76933 2.93663 2.35457 1.75883 5.10034 3.04202 1.80972 4.4063 1.91876 6.45013 7.2263 5.59399 5.63666 -6.97124 4.17358 2.23404 4.2478 3.7917 -6.84911 -7.56588 5.08908 9.72583 5.46689 4.35225 2.76765 4.41828 3.61404 5.39205 2.37576 2.78605 4.7082 6.46951 2.49753 
2.6158 0.923442 5.79055 5.71504 2.21249 0.932234 1.78135 1.57488 1.21201 1.83752 4.9681 0.402496 2.06313 1.23685 8.07909 0.110003 0.867086 1.78884 2.344 4.12455 1.79201 1.2327 0.93396 2.92017 1.74263 1.3213 2.93227 4.55442 1.24805 1.55267 2.44274 1.01912 1.70234 0.0582629 0.318034 2.08283 0.953902 0.762495 2.06912 0.842801 1.9449 2.93611 2.46982 2.03343 1.16783 1.64834 0.799294 1.92777 1.65037 1.11842 0.719012 2.59421 4.92349 2.78058 2.10346 1.07245 2.65636 1.66773 2.77778 0.621375 0.677783 1.81464 3.03901 0.504129 
0.306664 0.311412 9.98838 -0.800519 2.11967 1.29782 1.56459 2.2256 0.955075 0.64729 -0.275236 0.00836901 1.86914 0.037837 8.79619 5.62502 -0.29805 0.0533599 1.99906 -0.670373 2.26795 -0.269551 -0.502152 2.62644 2.14925 0.481264 1.65115 0.206476 0.38186 1.45142 1.38502 -0.0913026 0.528686 0.0942215 -0.176709 1.67429 0.138026 -0.219705 1.70028 0.133015 2.83524 2.06556 1.05205 1.9115 6.89373 1.75675 -0.094709 -0.208091 1.9224 6.81269 6.36426 1.3842 -0.460777 1.99072 -1.37773 0.283858 2.24633 2.33791 2.37233 -0.14157 -0.0820201 0.656033 0.139214 -0.369827 
1.963 0.0832695 9.98983 -0.11403 1.50814 0.840377 1.70529 1.44094 -0.335094 2.38042 -0.379466 -0.0983263 1.61273 -0.285272 8.19448 8.53983 -0.319187 0.931047 1.94798 -0.22521 1.55732 0.967359 0.281075 1.09335 1.66406 0.496181 1.53814 -0.349864 -0.511925 2.17423 3.13465 -0.0870842 0.175913 -0.188611 -0.159275 1.44879 -0.218467 -0.0923795 1.54741 0.0169049 1.22476 1.40766 1.74269 1.93199 9.96107 2.00006 0.17377 -0.406043 2.00682 9.96208 9.82344 1.46802 -0.140733 1.74907 -1.03914 -0.387095 2.0676 1.65897 1.06192 -0.126114 1.50188 1.17121 1.93904 -0.247769 
1.68927 0.175356 9.99742 -0.274408 2.28349 0.997198 1.25899 1.09068 -0.0646241 1.55885 -0.72441 0.00657381 1.52998 -0.121608 5.19679 6.20562 -0.325786 0.918477 1.8027 -0.729184 0.80143 0.707249 0.448231 1.35797 2.00342 0.75259 2.00518 0.629201 1.87316 2.01855 2.01568 -0.20611 -0.0328916 -0.392933 -0.462638 1.81948 0.195922 -0.0256842 1.36286 0.0236976 1.11045 1.72426 2.00141 1.40788 7.32466 1.11429 -0.333964 1.80658 0.827893 8.01587 7.04363 0.577769 -0.149365 0.733318 -1.97177 0.196573 1.56491 1.01285 1.21295 0.752124 -0.439406 2.88299 1.79239 -0.126269 
1.85978 -0.0521184 9.99722 0.112869 1.82972 0.73769 1.51094 1.16789 -0.23116 1.87009 0.0393136 -0.0759567 1.89053 -0.170827 9.99587 7.98132 -0.234524 0.998837 1.66643 -0.500455 1.16682 -0.079273 0.148877 1.79075 1.98718 0.636996 2.23973 0.147255 0.339042 1.84739 1.86352 -0.232546 1.51617 -0.281156 -0.00733144 1.66606 0.0275471 0.0206732 1.14844 0.0805189 0.896843 1.8221 1.87733 1.52246 9.88762 1.22627 -0.358531 1.20495 1.82563 9.93135 8.8821 2.96595 -0.298423 2.15681 -2.05461 0.237611 1.20056 1.41344 1.7795 -0.499038 -0.336534 1.8946 1.91515 0.0289751 
1.88711 0.271525 9.99417 0.0367457 1.44821 0.925656 1.56965 1.87221 0.193495 1.92022 -0.132289 0.000253656 2.04233 -0.156175 9.98832 9.95179 -0.220519 1.26133 1.73562 -0.375026 1.8824 0.868281 0.324691 1.30863 1.56799 0.518756 1.64346 -0.846237 0.182101 2.69447 2.82821 0.00107939 0.265972 -0.108755 0.0187209 1.65526 0.146637 -0.0936577 1.77657 0.145665 1.84841 1.33832 1.94966 1.46075 9.95831 1.6495 0.261921 -0.319896 2.1012 9.95995 9.95471 1.64423 -0.177903 1.61081 -1.81015 0.152751 1.85642 1.71632 1.28667 -0.0890923 0.498876 1.38933 2.1287 0.0318408 
1.57164 -0.335633 9.97855 -0.707787 1.42653 0.739806 1.61355 1.72555 -0.525692 1.73685 -1.18358 0.0404993 1.6791 -0.382275 8.97726 4.80828 -0.245036 0.774024 1.29227 -0.885389 2.00004 -0.0405493 0.410692 1.96043 1.62053 -0.123811 1.42009 0.185033 -0.0526165 1.31743 2.00394 -0.137136 -0.146509 0.364431 -0.266199 1.42966 0.683334 -0.203932 2.26693 -0.464832 2.74185 1.72461 1.55052 1.76933 5.94915 1.94554 -0.178739 -0.114332 2.24257 6.57914 5.52754 1.54923 0.124417 2.17095 -1.5694 -0.0234131 2.30185 1.7168 2.07581 -0.0666256 0.292685 1.90076 1.89708 -0.50211 
1.48258 0.0266945 9.97614 0.0880561 2.58408 0.75966 1.69638 1.44516 -0.557594 1.9694 -0.699052 0.0287271 1.7742 -0.0490107 6.31827 8.43066 -0.349834 -0.560634 1.18111 -0.24228 2.03465 0.886003 0.0735989 1.85298 1.92885 0.514534 1.6027 -0.263249 0.283582 1.81882 1.66636 -0.0897342 -0.447309 -0.282553 -0.175616 1.92947 0.0200511 -0.0257352 1.85837 -0.0123121 3.29278 1.59931 0.841374 1.56983 9.91125 1.8163 -0.440514 1.85697 2.13023 9.94377 9.2195 1.73363 -0.766203 2.57277 -1.78453 0.439747 1.03725 1.67457 1.31992 0.068724 0.0488871 1.08913 1.83324 -0.0646327 
3.63919 -0.703821 10 2.2526 -3.22521 -0.108868 0.205912 0.24301 -0.92089 1.96053 1.77416 -0.749797 -0.18269 -0.406118 4.31517 6.0377 -0.965569 0.124784 -0.081991 -0.185821 -0.50809 -0.369007 2.73336 -1.24127 -0.933351 -0.187614 -1.13924 -1.09736 -1.06307 -1.42017 0.0804215 -0.442491 -0.191139 -1.04164 -0.448859 -0.17446 0.710867 -0.191586 -0.46179 -0.342143 -1.83063 -1.10226 0.723444 -1.01543 7.02839 -0.262042 0.218139 0.29239 -0.80725 7.2997 6.36382 -0.0915063 1.16783 -0.704397 1.09379 -2.36561 -0.408729 -0.16597 -1.40259 -0.320035 -0.235164 -0.074752 4.68906 -0.428155 
-0.222104 -0.442895 9.99844 0.11059 -0.0922793 -0.7831 -0.276146 -1.39098 -0.02429 -0.375655 0.747477 -0.868505 -0.748971 -0.0081031 9.99749 9.99434 -0.266994 -0.452793 -1.06695 4.83447 -0.632513 -0.4 0.0832555 -0.240383 -0.894332 -0.335127 -0.634993 1.94419 -0.893896 -0.554176 -0.491577 -0.0879027 -0.736106 -3.41874 -0.447394 -0.925474 -0.262254 -0.57228 -0.901257 -0.543912 -0.419702 0.140472 -0.713817 -1.21087 9.99481 -0.433544 0.0575064 -0.440949 -1.25578 9.99491 9.99457 -0.30241 0.225603 -0.881821 0.857906 -0.683762 -0.342623 -0.711854 -0.797538 -0.283643 -0.759357 -0.835991 -0.386895 0.129933 
0.486262 -0.258437 9.99969 1.8549 -1.35137 -0.0524231 0.228586 0.0357115 -0.957724 0.273332 1.2339 -0.34856 0.842843 -0.527305 9.99949 9.99797 -0.238058 -0.26558 0.444661 3.16759 -0.177868 -0.136208 0.43287 0.721587 -0.0467217 -1.57193 -0.471868 1.66125 0.0819474 0.208577 0.871006 -0.467645 0.537691 -3.72078 -0.239822 0.644252 -1.09195 -1.19578 -0.129501 -0.450717 0.480523 -1.71683 0.800994 -0.0273541 9.99872 0.472141 -0.486365 -0.401742 -0.0109981 9.99879 9.99825 0.367807 0.415697 0.475204 -0.611463 -0.892462 -0.0416363 0.577237 0.116483 -0.397806 -0.890915 0.248001 0.551218 -0.189863 
-0.473625 0.0746799 0.326566 -0.155129 0.341016 -0.233397 -0.355001 0.0976283 0.0902977 0.118493 0.523751 -0.0699765 0.49998 0.058603 0.203268 0.130321 0.219379 -0.303547 0.709706 0.0766231 -0.264249 0.337554 0.206213 -0.38196 -0.0933805 0.276848 0.22818 0.0354526 -0.207791 -0.381628 -0.25754 0.150871 0.0467967 0.0543035 0.172306 -0.0532886 -0.0300843 0.260378 -0.682317 0.337364 -0.0209804 0.142109 0.023859 0.160873 -0.240626 0.152797 -0.0598334 -0.168899 0.498861 -0.173501 -0.184235 0.340114 -0.167231 0.150188 -0.384399 0.242957 0.305523 0.147756 -0.451153 0.0846159 -0.205148 -0.385376 -0.38481 0.0575443 
0.529152 -0.0854796 -0.10799 -0.130784 -0.267644 0.35073 -0.0848494 -0.296948 0.0241659 0.0660078 -0.100454 0.20226 -0.180429 -0.553365 -0.198114 0.159823 0.293542 0.124936 -0.0920515 -0.306022 0.467026 0.268831 0.44743 0.275887 0.108195 -0.292419 0.521769 -0.167658 0.18501 0.16263 -0.166756 0.0107275 -0.182898 0.212624 0.232481 -0.390304 -0.302653 0.388054 0.274528 0.0833253 0.2621 0.127461 0.0406711 0.0243842 0.196934 0.0583627 -0.0925336 0.0935312 0.22973 -0.265719 0.0460618 -0.130671 0.142566 0.502902 -0.21118 -0.0498423 -0.197477 0.0221708 -0.000228049 0.116579 0.233778 0.507788 0.0917271 0.235526 
0.234001 0.161894 0.0128361 -0.0507467 0.184619 0.427099 0.15833 -0.232878 0.10267 0.329369 -0.165067 0.0588364 -0.438492 -0.122411 0.169609 -0.183314 0.149629 -0.377779 0.019252 0.0722195 0.212723 0.242956 -0.0937046 -0.00765927 -0.239041 -0.524483 0.166847 -0.0222292 -0.281494 -0.197258 -0.57109 -0.296748 0.120259 0.293504 -0.17241 -0.0447208 -0.184127 0.13937 0.0283061 0.377389 -0.0100092 -0.123161 0.132251 0.0501115 -0.121811 -0.22149 -0.226005 0.13517 0.204027 -0.170186 -0.130144 1.02983 -0.359284 -0.338805 0.0185646 0.286389 0.0734024 0.108569 -0.298102 -0.0191849 0.10591 -0.357812 0.119642 -0.12954 
-0.202551 0.227022 0.00901559 0.056951 -0.18713 -0.372202 0.244617 -0.400158 0.183268 0.724292 -0.630452 0.376252 0.0248545 -0.150473 -0.262006 0.14477 0.25702 0.238705 0.0348087 -0.204693 0.286771 0.0755537 -0.287619 0.123736 -0.432156 -0.460257 -0.205629 0.0151793 0.458748 -0.181447 0.101729 0.543355 -0.127194 0.432413 0.249695 0.0152828 -0.0120648 0.156072 0.096308 -0.0460461 0.0871422 0.13033 0.0964112 0.164113 0.389491 0.471955 -0.306564 -0.0400058 -0.121415 -0.0145285 0.22572 0.594535 0.166705 0.2282 0.0377505 -0.860355 0.0467204 -0.0794349 0.265452 0.121988 -0.0524655 0.0442505 -0.212032 -0.292816 
-2.87795 -2.01794 9.99604 -5.58671 -2.13125 -1.43951 -1.60633 -2.25705 -1.04507 -2.41147 -6.01959 -1.52934 -2.73534 -2.50276 9.99173 9.93783 -2.15638 -2.30508 -2.20629 -0.418472 -2.31382 -2.28619 -1.01645 -2.61512 -2.21068 -0.600631 -2.35295 -1.6276 -1.81356 -1.9313 0.486707 -2.18298 -1.99439 -9.28012 -2.2744 -2.11771 -0.627725 -1.50646 -2.94548 -2.33572 -1.08675 -2.49467 -2.65929 -1.91242 9.94282 -2.92667 -1.64507 -2.29385 -2.20974 9.94796 9.9408 -1.97232 -5.46411 -2.55165 -3.86815 -0.443895 -2.82427 -2.70386 -2.98643 -2.05252 -0.185165 -1.27632 -3.28231 -2.16594 
-9.91545 
-9.95141 
0.113476 
-9.50689 
-9.98706 
-9.98624 
-9.98968 
-9.95099 
-9.97931 
-9.94592 
-9.52535 
-9.95579 
-9.96309 
-9.93691 
0.186043 
0.695621 
-9.93692 
-9.94105 
-9.96398 
-9.55965 
-9.97595 
-9.96241 
-9.52883 
-9.99002 
-9.97812 
-9.98342 
-9.9553 
-5.67835 
-9.96271 
-9.9877 
-7.62032 
-9.94015 
-9.9403 
-4.45557 
-9.936 
-9.97303 
-9.98258 
-9.95213 
-9.95644 
-9.94221 
-9.92299 
-9.78205 
-9.95017 
-9.96517 
0.551245 
-9.95702 
-9.94689 
-9.96814 
-9.9547 
0.517814 
0.624038 
-9.97622 
-9.57032 
-9.95541 
-9.57753 
-9.98768 
-9.9734 
-9.97578 
-9.9569 
-9.94493 
-9.98871 
-9.94591 
-6.96038 
-9.93938 
9.92444 

# Training State Metadata
FILENAME tetris_model_best_20260906_score1111100.txt
EPSILON 0.174756
EPSILON_MIN 0.05
EPSILON_DECAY 0.995
LEARNING_RATE 0.0015
GAMMA 0.99
TRAINING_EPISODES 43235
TOTAL_GAMES 348
BEST_SCORE 1111100
AVERAGE_SCORE 109058
PREVIOUS_AVG_SCORE 109058
