# Neural Network Model File
# Saved: 2026-09-05 21:41:18
# Filename: tetris_model_best_20260905_214118_score3400.txt
#
0.0872201 0.287215 5.90346 0.886601 0.393466 -0.558711 0.358764 -0.241835 -0.728367 0.449766 0.546623 0.452281 0.195575 -0.189532 -0.0718097 3.74548 0.353225 -0.204919 -0.288939 0.280315 0.353462 -0.00686168 -0.47691 0.340388 -0.397308 -0.947548 -0.325948 0.474325 -0.280995 0.554562 -0.0114769 -0.0192652 0.230191 -0.988947 0.143479 0.353616 0.46325 0.365989 -0.101346 0.361292 0.119326 0.270567 0.31297 -0.820747 4.26134 0.0245049 -0.0823986 -0.00090992 0.533045 4.22169 3.39573 0.387114 0.578221 0.433821 -0.47752 0.557229 0.390036 0.260347 0.230562 -0.121481 0.117854 0.229067 0.50091 0.00700024 
0.592643 -0.296259 5.66024 0.461815 0.657384 -0.112461 -0.0679102 0.00559083 -0.113529 0.177733 0.37126 0.340634 0.75994 -0.479236 -0.180214 4.17758 0.0904074 -0.979395 -0.0106069 0.603447 0.466706 0.256211 -0.17766 0.736283 0.261709 0.00576879 -0.488506 0.932187 0.276469 0.508737 0.232028 -0.0812588 0.296638 -0.973963 -0.0468224 0.0355274 -0.0995661 -0.621002 0.929379 -0.335772 0.0220228 0.0571947 0.180743 -0.556565 4.51292 0.712395 0.39089 0.874847 0.615511 4.33365 4.03577 0.718369 -0.0091254 0.0639644 -0.0663409 0.256482 0.684864 -0.0491511 1.04965 -0.275174 0.317053 0.557728 0.551786 0.163079 
0.631552 -0.0365278 5.57412 0.94849 0.553328 0.102355 0.544742 0.605074 -0.38189 1.12498 0.519711 -0.224914 0.619014 -0.0881737 0.607672 2.94234 0.0564967 -0.326609 -0.242347 -0.441365 0.620742 0.250385 -0.498338 0.402984 0.947594 0.0746596 0.00983935 0.121658 0.0756957 1.24267 0.32593 -0.24537 -0.69395 0.0326505 0.0810676 0.448975 -1.00937 -0.604506 0.960052 -0.192157 0.854493 1.06668 0.851269 0.31732 4.16274 0.698795 -0.414734 0.559691 0.55704 3.93479 3.53305 0.122361 0.528839 0.467247 -0.114043 -0.82142 0.57583 1.05254 0.607759 -0.150762 -0.806658 0.835606 0.46428 -0.490974 
0.654193 0.0152534 5.39345 1.03055 0.645029 0.410097 0.575346 0.51174 0.316408 0.752964 0.378269 -0.142235 -0.352758 0.153437 0.352987 3.35621 0.0349213 0.0545338 0.356126 -0.219655 0.517546 -0.427463 -0.192278 0.121784 0.0155755 0.182056 0.0294718 0.201089 0.116969 -0.0933011 0.296727 -0.431708 0.00739324 0.00846044 -0.183306 0.411265 -0.15564 -0.627975 0.873467 -0.281952 0.822746 0.758187 0.338985 0.124562 4.1726 0.255569 0.0356103 -0.234633 0.533577 4.01145 3.52132 0.64493 0.0376814 0.376603 -0.00948196 -0.918033 0.920766 0.613098 0.608015 -0.4459 -0.591733 0.472366 0.440166 -0.304077 
0.194809 0.0903257 5.82617 0.491461 0.0488714 -0.546317 -0.202767 0.248133 -0.433373 0.10463 -0.0427369 0.642553 0.483159 0.1864 -0.0870222 3.21548 0.110914 0.474326 -0.11613 0.0715311 0.0861693 0.498448 0.0521665 0.226581 -0.431927 0.169448 -0.0475458 -0.195281 0.507683 0.165176 -0.394072 0.70884 0.591574 -0.248646 0.156214 -0.281825 0.229852 -0.0484144 0.253627 -0.205392 0.0766068 0.750609 0.13732 -0.305727 4.30808 0.276862 -0.341875 -0.266404 0.114324 3.81784 3.49708 0.231269 0.258378 0.341428 0.726715 0.291985 0.284935 0.109342 0.462367 0.135633 0.190795 0.285276 0.146905 0.157931 
0.117924 -0.336361 4.90639 0.553551 0.0700259 0.308439 0.148903 0.121584 -0.138133 0.212278 -0.147589 -0.352296 -0.103128 -0.0692672 0.0123978 3.15055 0.0156548 0.623103 0.108855 0.168704 0.312374 -0.00430099 -0.148847 0.141305 0.0173173 -0.261416 -0.115842 0.0811788 0.0654144 0.204381 -0.18805 -0.589471 0.302531 0.245092 -0.196618 0.25338 0.314193 0.433285 0.149019 -0.252371 -0.0438227 0.300827 0.404889 0.249862 3.54814 0.679395 0.277114 -0.525921 0.450239 4.10408 2.94961 -0.181771 0.176655 0.157746 0.627445 0.502122 0.0213991 0.652282 0.385949 0.0833375 0.449318 -0.588264 0.532345 0.23309 
0.529993 -0.119781 5.80657 0.591171 0.787353 -0.287427 0.375048 0.785692 -0.429589 0.341181 0.431949 -0.218313 0.637817 0.330781 -0.19766 3.89433 0.167976 0.87999 -0.0457831 0.675567 0.442483 0.268534 0.305527 0.569474 1.14663 -0.544917 -0.50104 -0.594559 0.554765 0.815408 0.539329 -0.247402 0.580235 -0.27694 0.226881 -0.0727328 -0.53037 0.422131 0.894783 -0.296363 0.443405 0.0292914 0.415407 -0.337921 4.2861 0.872585 -0.424925 -0.541743 0.492704 4.53298 4.44407 0.407192 0.215328 0.247443 -0.24187 0.243358 0.707037 0.990872 0.892598 -0.137145 0.362151 -0.0491441 0.477746 0.131593 
0.593902 0.168947 5.06126 0.815838 0.434213 -0.0826668 0.595339 0.927656 -0.20103 0.88847 0.645481 0.105947 0.821472 -0.15381 0.468298 3.08792 0.188826 -0.570537 -0.119734 -0.558388 0.657323 0.334161 -0.185895 0.308714 1.26108 -0.558518 -0.314118 -0.0437414 -0.319156 0.295399 0.332007 0.180408 -0.194315 -0.337043 0.307769 0.33797 0.331149 0.58011 0.74423 -0.0902324 0.478557 0.165539 0.424684 -0.307187 3.4067 0.294378 -0.331355 -0.51023 0.895645 3.71514 3.08541 0.552629 0.331869 0.665937 0.0393062 -0.265512 0.487673 1.01157 0.538802 -0.0203984 -0.365486 0.0690026 0.978481 -0.0899106 
0.538031 -0.195897 5.61744 0.789951 0.256197 -0.48858 0.233796 0.611443 -0.105024 0.255454 0.123852 0.141997 0.676258 -0.0738437 0.518094 3.80808 -0.338443 -0.752945 -0.103391 0.125641 0.60892 -0.0149022 0.381012 0.472173 0.557449 -1.12484 -0.0253412 0.363081 -0.226597 0.842952 -0.0497592 0.402454 -0.617485 -0.269816 0.164364 -0.159439 -0.722923 -0.31776 0.851584 -0.164753 0.217883 -0.0482531 0.308825 -0.526801 3.95848 0.793077 -0.195071 0.651785 0.361228 3.92831 3.57548 0.0169834 0.115731 -0.168401 0.329424 -1.04329 0.537045 0.733366 0.891614 -0.0805505 -0.191126 -0.151202 0.794804 -0.264405 
0.985571 -0.236709 4.64729 0.483901 0.839062 -0.492138 0.113372 0.547144 0.0927862 0.586468 0.575594 -0.28472 0.96949 -0.106293 0.281605 3.43173 0.227513 0.0660519 0.0568339 0.0737235 0.838896 0.339873 0.183149 0.649316 0.464826 -1.44397 -0.435051 -0.280053 -0.126886 0.217626 0.913456 -0.365816 -0.236271 -0.291944 0.176465 0.434098 -0.952607 -0.423518 0.480887 -0.249422 0.500925 0.795805 0.75208 -0.316584 4.15941 0.550402 -0.319754 0.533699 0.707776 3.69623 3.54584 0.124957 0.751542 0.400769 -0.433581 -0.37524 0.822403 0.494566 0.694015 -0.187912 -0.32018 -0.69554 1.059 -0.164216 
0.637315 -0.393116 8.39644 0.879279 1.01716 0.00200438 0.6366 1.16569 0.3318 0.679503 0.916165 -0.457268 0.320394 -0.172634 0.288402 5.21411 -0.42467 -0.18316 0.273106 0.214749 0.914482 0.268613 -0.411167 1.55823 1.07444 -0.747085 0.139129 0.0391413 -0.212723 1.15962 0.752563 -0.0266124 -0.674939 0.0307823 -0.283631 0.453992 0.138579 -0.0977344 1.30819 -0.165541 0.498767 0.520119 0.783205 0.0130797 6.1066 0.850045 -0.0365546 0.0899923 0.72663 5.92691 5.37819 1.12765 0.745456 0.746317 -0.701655 -0.444036 0.831165 1.00229 1.57021 0.153813 -0.0937432 0.433897 1.31008 -0.500903 
0.59004 0.0849447 0.651055 0.221417 0.519457 0.423189 0.465113 0.977815 -0.270522 0.613576 0.625402 0.0978553 0.534236 0.280929 0.457272 -0.0448434 -0.0352768 0.263894 0.540015 0.32544 0.148476 0.0454893 0.0276324 1.08403 1.02242 0.732188 0.415722 1.01361 0.409774 0.847146 0.255921 -0.121875 0.0989697 0.753952 -0.189818 0.504285 0.290379 -0.119342 0.667745 -0.011487 1.09797 1.01384 0.63405 0.34539 0.445769 0.749729 -0.00386017 0.467151 0.779937 0.366882 0.198211 0.424867 0.844093 0.909157 0.0384294 0.147028 0.347517 0.591307 0.630415 0.230328 0.386701 0.421053 0.462858 0.592189 
-0.0102874 0.244983 0.961136 1.08008 0.574942 0.212133 0.476546 0.397166 0.585315 0.204124 0.347873 -0.342058 0.433586 0.527836 0.261973 0.642552 0.175337 0.870228 0.209005 -0.185126 0.431216 0.336878 -0.226529 0.96263 0.338342 0.796554 0.336648 0.657775 0.154521 0.241039 0.54816 0.39313 0.468166 0.234946 -0.461621 0.0917492 0.126358 0.110211 0.399468 0.192231 0.189652 0.59655 0.392673 -0.0785086 0.870011 0.135408 0.0269361 0.00424546 0.638394 0.559854 0.884635 0.547083 0.61012 0.7147 0.305869 0.550634 0.793853 0.369445 0.336379 -0.195402 0.215166 0.177573 0.597245 -0.149275 
2.17623 0.677312 -0.409325 1.56271 2.09923 0.539677 1.81586 1.70376 0.222332 1.81608 1.56901 0.340393 1.87551 0.380997 1.32298 -0.607569 0.0180243 0.426423 2.00888 -0.00813005 1.61164 -0.214846 0.457337 1.85047 2.01652 0.457926 2.04247 -0.315561 0.739496 1.87193 2.17674 0.222679 0.53283 1.79078 0.0563287 2.12325 0.149135 0.0338206 1.89089 0.7363 1.69939 1.77352 1.76492 2.37355 -0.594531 2.05368 0.34632 -0.283636 2.31269 -1.07239 -0.399808 1.62488 1.24229 2.14776 -0.526056 0.395809 2.14482 1.82507 2.07634 0.112067 0.264288 0.381158 1.72671 -0.133991 
1.65385 0.224934 -0.863118 1.6426 1.657 1.60504 1.70015 1.64449 0.0773902 1.61277 1.19613 0.0533441 2.06282 -0.161336 1.6618 -1.38774 0.08566 1.17767 2.49308 0.301616 1.53354 2.0679 0.379608 1.12182 1.83658 1.40403 2.25546 1.13291 -0.17752 1.44505 1.97429 0.513025 0.361691 2.17181 0.157823 1.31523 -0.141422 0.220835 1.70154 0.258016 2.01998 1.7712 1.82063 2.3275 -0.855251 1.8814 0.106904 -0.22855 1.99941 -0.883456 -1.18937 1.73924 1.94255 1.80674 -0.65915 0.375567 1.78809 1.59107 1.49221 -0.012649 0.454736 1.05912 1.87699 -0.0707854 
1.58663 0.552645 0.149973 1.36172 1.91771 1.34881 1.62885 1.46167 0.256078 1.52737 1.33129 0.32642 1.73482 0.305517 1.62611 -0.341812 0.0167767 1.99083 1.35908 0.363149 1.32611 1.07823 0.320165 1.50659 1.78079 1.35652 1.26359 1.88691 2.5035 1.75124 1.72503 0.0276367 0.250205 1.79026 -0.266677 1.2975 0.403142 0.369855 1.35289 0.356873 1.50988 1.32055 1.09293 1.00768 -0.274218 1.55638 0.243331 1.7035 1.35401 0.0842086 0.0161616 1.14668 1.30862 1.2317 -0.179108 0.392985 1.7074 1.34075 1.83334 0.891687 -0.146596 1.71394 1.75581 0.237638 
1.94983 0.227655 0.4411 1.42286 1.76858 1.44045 1.58507 1.41534 0.542521 1.50261 1.17176 0.216806 1.79818 0.195973 1.27625 -0.106245 0.183046 2.06464 1.46028 0.332925 1.39616 -0.0951531 0.384216 1.8101 1.87808 1.48851 1.08422 1.75939 0.246341 1.89024 1.66222 0.0466585 1.78146 1.19204 0.520189 1.66554 0.342298 0.547049 1.26009 0.573392 0.976957 1.29326 2.07541 1.33381 -0.321445 1.61814 0.070026 1.2082 2.00849 0.0423092 -0.114569 1.98426 1.51851 1.66884 -0.436073 0.0431765 1.39894 1.62865 1.62901 -0.278466 0.418935 1.97107 1.70817 0.684645 
1.64076 0.686006 -0.242624 1.86619 1.52875 1.80898 1.9271 1.79054 0.129115 1.84841 1.12835 0.231483 1.74389 0.104244 1.65688 -0.874188 0.374504 1.19388 1.93845 -0.049009 1.6729 0.646885 0.296277 1.61343 1.61922 1.06463 2.19705 0.124422 -0.0107811 1.81934 1.65517 0.246761 0.277114 2.30796 0.47297 2.07148 0.561028 0.129397 1.90831 0.681916 1.80771 2.42606 1.58072 1.53498 -0.685765 1.31384 0.374899 0.0936281 1.84924 -0.817163 -1.27626 1.25417 1.67897 1.36547 -0.0313901 0.413017 2.00892 1.77167 1.20937 0.11 0.363788 1.80145 1.57118 0.415612 
1.91284 -0.035697 -0.486791 1.37252 1.54706 2.29115 1.80776 1.62361 -0.178198 2.05829 1.09639 0.111487 1.71337 -0.0542959 1.57366 -0.879156 0.174337 0.804806 1.84644 0.581917 1.79951 -0.245307 0.363391 1.4595 1.2878 1.38775 2.3855 1.11846 0.535738 2.03757 1.52771 0.240308 0.13354 2.18479 0.0064129 1.55968 0.517212 0.216093 1.82326 -0.153906 2.2485 1.75319 1.69066 2.31984 -1.27013 2.28707 0.0586301 -0.00471046 1.85136 -1.10632 -0.858166 1.60869 1.99217 1.835 -0.635151 0.519651 2.04098 1.50896 1.88653 0.286827 0.438642 1.92774 1.51164 -0.178708 
1.71499 0.41674 0.703894 2.02535 1.72437 1.3686 1.7716 1.36691 -0.377778 1.98206 1.68582 0.531846 1.76469 0.809162 1.80371 0.564477 -0.208479 -0.335238 1.33051 0.205805 2.1068 0.976325 0.134369 1.81778 1.91504 -0.0761303 1.70008 1.70171 0.595598 1.75928 1.58366 0.451026 0.0392973 0.86148 0.0976439 1.72537 0.571285 0.0799425 2.17055 0.131456 1.82098 1.80853 1.63891 1.29001 0.366584 1.73965 -0.233344 2.24814 1.88412 0.212508 0.618637 2.07098 1.57623 2.30311 0.159421 0.107937 1.43159 2.24192 1.74239 0.933509 0.463798 1.56399 1.93822 0.299371 
0.35227 -0.203123 1.67814 0.707847 0.19531 -0.0775384 -0.232242 1.02299 -0.0173408 0.130745 0.848842 -0.0698101 -0.0527929 0.00358425 0.389703 1.26835 -0.714021 0.144789 0.514555 0.0973875 0.418525 -0.0345918 0.117918 0.194998 0.644637 0.097564 -0.3058 -0.352113 0.141368 0.271105 0.237796 0.0205792 -0.180144 0.114661 -0.0771129 0.330824 0.416181 0.366268 0.300376 0.0817133 0.140963 0.0526751 -0.124988 -0.0571201 1.24197 0.0314109 0.0804357 0.075504 0.352414 1.1886 1.14502 0.750659 0.424119 0.681861 0.277081 -0.501933 0.618947 0.750123 0.166988 0.305495 -0.0198044 0.395657 0.559615 -0.0259436 
0.314702 -0.288841 5.68649 0.43979 0.939657 -0.439077 0.363648 -0.0361616 0.301096 0.172151 0.443475 -0.639042 0.170622 0.145049 0.265408 3.56069 -0.0294862 -0.15882 -0.279055 -0.181767 0.523392 0.0809705 0.136526 0.565178 0.252435 -0.793215 -0.0565085 -0.242896 -0.26996 0.385026 0.57252 0.0803519 -0.395995 0.00825067 -0.197285 -0.0166093 -0.268967 -0.414474 0.104279 -0.523829 0.311268 0.452162 0.285149 -0.662052 4.2599 0.543318 0.248884 0.0516118 0.105459 3.84227 3.75832 0.393607 -0.00289075 0.241032 0.131655 -0.447386 0.643169 0.422762 0.334518 0.020938 -0.412238 -0.127324 0.220113 0.289332 
0.304662 -0.212962 6.12591 0.903579 1.14452 0.323403 0.410433 0.733841 -0.279348 1.13602 0.742989 -0.215446 1.18014 -0.567192 0.590116 3.86896 -0.281778 0.284575 0.264328 -0.70231 0.677838 0.455436 -0.112196 0.779638 1.05964 -0.0643943 0.167529 0.294213 0.368503 1.33109 0.763039 -0.197047 0.450097 -0.279807 -0.302962 0.826933 -0.578476 -0.843242 0.566064 -0.335846 1.06725 0.469006 0.981451 0.500868 4.20238 0.796982 -0.004754 -0.302085 0.53907 4.06535 4.05908 0.702398 0.290197 0.973617 0.271692 0.0959832 0.818423 1.2293 0.324114 -0.126027 -0.336904 0.363338 0.808654 0.115834 
-0.473625 0.0746799 0.326566 -0.155129 0.341016 -0.233397 -0.355001 0.0976283 0.0902977 0.118493 0.523751 -0.0699765 0.49998 0.058603 0.203268 0.130321 0.219379 -0.303547 0.709706 0.0766231 -0.264249 0.337554 0.206213 -0.38196 -0.0933805 0.276848 0.22818 0.0354526 -0.207791 -0.381628 -0.25754 0.150871 0.0467967 0.0543035 0.172306 -0.0532886 -0.0300843 0.260378 -0.682317 0.337364 -0.0209804 0.142109 0.023859 0.160873 -0.240626 0.152797 -0.0598334 -0.168899 0.498861 -0.173501 -0.184235 0.340114 -0.167231 0.150188 -0.384399 0.242957 0.305523 0.147756 -0.451153 0.0846159 -0.205148 -0.385376 -0.38481 0.0575443 
0.529152 -0.0854796 -0.10799 -0.130784 -0.267644 0.35073 -0.0848494 -0.296948 0.0241659 0.0660078 -0.100454 0.20226 -0.180429 -0.553365 -0.198114 0.159823 0.293542 0.124936 -0.0920515 -0.306022 0.467026 0.268831 0.44743 0.275887 0.108195 -0.292419 0.521769 -0.167658 0.18501 0.16263 -0.166756 0.0107275 -0.182898 0.212624 0.232481 -0.390304 -0.302653 0.388054 0.274528 0.0833253 0.2621 0.127461 0.0406711 0.0243842 0.196934 0.0583627 -0.0925336 0.0935312 0.22973 -0.265719 0.0460618 -0.130671 0.142566 0.502902 -0.21118 -0.0498423 -0.197477 0.0221708 -0.000228049 0.116579 0.233778 0.507788 0.0917271 0.235526 
0.234001 0.161894 0.0128361 -0.0507467 0.184619 0.427099 0.15833 -0.232878 0.10267 0.329369 -0.165067 0.0588364 -0.438492 -0.122411 0.169609 -0.183314 0.149629 -0.377779 0.019252 0.0722195 0.212723 0.242956 -0.0937046 -0.00765927 -0.239041 -0.524483 0.166847 -0.0222292 -0.281494 -0.197258 -0.57109 -0.296748 0.120259 0.293504 -0.17241 -0.0447208 -0.184127 0.13937 0.0283061 0.377389 -0.0100092 -0.123161 0.132251 0.0501115 -0.121811 -0.22149 -0.226005 0.13517 0.204027 -0.170186 -0.130144 1.02983 -0.359284 -0.338805 0.0185646 0.286389 0.0734024 0.108569 -0.298102 -0.0191849 0.10591 -0.357812 0.119642 -0.12954 
-0.202551 0.227022 0.00901559 0.056951 -0.18713 -0.372202 0.244617 -0.400158 0.183268 0.724292 -0.630452 0.376252 0.0248545 -0.150473 -0.262006 0.14477 0.25702 0.238705 0.0348087 -0.204693 0.286771 0.0755537 -0.287619 0.123736 -0.432156 -0.460257 -0.205629 0.0151793 0.458748 -0.181447 0.101729 0.543355 -0.127194 0.432413 0.249695 0.0152828 -0.0120648 0.156072 0.096308 -0.0460461 0.0871422 0.13033 0.0964112 0.164113 0.389491 0.471955 -0.306564 -0.0400058 -0.121415 -0.0145285 0.22572 0.594535 0.166705 0.2282 0.0377505 -0.860355 0.0467204 -0.0794349 0.265452 0.121988 -0.0524655 0.0442505 -0.212032 -0.292816 
2.2319 -0.696724 9.89346 2.53843 2.28841 2.77692 2.38534 1.98115 -0.491525 2.17526 1.84047 -0.437352 2.09927 -0.784685 2.19198 5.74858 -0.386872 0.954682 2.56126 -0.526334 2.1082 -0.0137574 -0.429464 2.22865 2.28412 2.35055 2.76823 1.0161 -0.00346378 2.13784 2.15229 -0.509578 -0.125316 2.46347 -0.563137 2.34097 -0.153668 -0.210547 2.31809 -0.657837 2.1409 2.40702 2.19615 2.79266 7.09913 2.23434 -0.42457 0.0367115 2.18807 6.8048 5.88804 2.4267 2.31511 2.38521 -0.939182 -0.235372 2.28351 2.19146 2.36277 -0.861507 -0.347479 2.27651 2.16404 -0.615912 
-1.68461 
-9.99281 
0.742264 
-1.91748 
-1.85019 
-0.967366 
-1.44614 
-1.68595 
-9.99281 
-1.67691 
-1.96364 
-9.99968 
-1.75928 
-9.99615 
-1.36302 
0.975691 
-9.99974 
-1.30921 
-1.04944 
-9.38709 
-1.77024 
-2.05543 
-9.99975 
-1.89758 
-1.83924 
-0.668402 
-0.958204 
-2.34546 
-3.77227 
-1.81482 
-1.65256 
-9.89908 
-6.36403 
-0.793651 
-9.38762 
-1.3856 
-9.99952 
-9.99961 
-1.79998 
-8.58346 
-1.54643 
-1.5142 
-1.63773 
-0.902197 
0.916816 
-1.70323 
-9.99464 
-1.10145 
-1.68662 
0.898764 
0.949668 
-1.60792 
-1.42921 
-1.48859 
-7.70415 
-9.9894 
-1.85462 
-1.67543 
-1.9317 
-9.79806 
-9.87427 
-1.26996 
-1.66381 
-9.99919 
0.681251 

# Training State Metadata
FILENAME tetris_model_best_20260905_214118_score3400.txt
EPSILON 0.814229
EPSILON_MIN 0.05
EPSILON_DECAY 0.995
LEARNING_RATE 0.0015
GAMMA 0.99
TRAINING_EPISODES 1781
TOTAL_GAMES 42
BEST_SCORE 3400
AVERAGE_SCORE 456.098
PREVIOUS_AVG_SCORE 456.098
