# Neural Network Model File
# Saved: 2026-09-06 15:49:23
# Filename: tetris_model_best_20260906_score495800.txt
#
-1.87803 0.269763 9.97395 -0.0535895 0.479711 -1.71042 -0.986026 -1.94015 -1.07782 -0.581276 0.119057 0.317469 -1.20804 0.124991 3.44282 9.94888 0.361962 -0.979094 -1.24072 7.09139 -0.873242 -0.809214 -2.22246 -0.116578 -0.981324 -1.19923 -0.874929 4.07892 -0.981822 0.119124 -0.950866 -0.0366478 0.147446 -4.58903 0.187701 -1.24021 -0.237523 0.417101 -1.19987 0.497603 -0.844336 -1.25799 -1.56127 -1.60591 9.94924 -1.25109 -0.510037 -1.5336 -0.864906 9.95012 9.94862 -0.918627 0.28761 -0.796868 0.613648 0.580911 -0.857644 -1.26808 -0.597363 -0.236302 -0.650212 -0.556503 -0.585875 0.150253 
-0.786273 -0.224348 9.96821 0.186769 -0.0306735 -0.147823 -1.46671 -1.42044 -0.79208 0.395587 0.389113 0.222352 0.0233211 -0.155868 3.57324 9.95128 0.0990554 -1.43064 -0.134819 7.34243 -0.524486 0.256867 -0.576468 0.209737 -0.23597 -0.141151 -0.834078 4.73043 -0.973628 0.720036 -0.263788 -0.0297861 0.599648 -3.82222 0.0304825 -0.542312 0.030778 -0.65916 0.191147 -0.128786 -0.43477 -1.56836 -0.205794 -0.859655 9.95034 -0.128105 0.619213 0.687003 -0.291849 9.95079 9.95043 0.846281 0.542668 -0.399338 0.6861 0.754378 0.114587 -1.35819 0.38968 -0.419913 0.282523 0.395228 1.67777 0.318273 
0.390096 -0.19415 9.98041 0.16517 -0.291971 0.523812 0.282533 -0.494859 -0.708442 1.46958 -0.147974 -0.537554 0.057572 -0.278651 3.07624 9.9629 -0.238203 -0.0322158 -0.877506 4.46831 -0.249744 -0.142382 -1.30567 -0.332612 0.0207682 0.825765 -1.38062 2.37224 -0.293143 0.83879 -1.46992 -0.416974 -1.09722 -3.03581 -0.0168363 -0.421986 -0.957808 -0.705756 0.569473 -0.214756 0.421432 0.693751 -0.141311 -0.431936 9.96366 0.105511 -0.966972 0.138168 -0.665437 9.96423 9.9631 -0.541048 -0.104507 -0.827867 0.0809293 -1.20552 0.206066 0.280377 -0.45977 -0.781355 -2.07862 0.539332 -0.0585718 -0.619534 
1.09994 0.0275755 9.97734 0.542396 -0.476641 0.502412 1.07151 -0.502446 -0.0424437 0.951311 0.419013 0.0305513 -0.9997 0.158157 2.76737 9.96683 0.0633091 0.25374 -0.593606 5.7159 -0.511366 -0.369216 0.00403057 -0.667973 -1.34627 1.02301 -0.56345 3.36913 -0.37111 -1.0146 -0.376462 -0.242567 0.066655 -3.09271 -0.107373 -0.924166 0.000914892 -0.495883 -0.152375 0.018236 0.0198433 0.400462 -0.865807 -0.909486 9.96542 -0.57847 0.0535615 -0.010579 -0.621361 9.96548 9.96587 -0.344833 0.422448 -1.04555 0.476459 -0.596276 -0.280941 -0.0708227 -0.643658 -0.760283 -0.995547 -0.10957 -0.183822 -0.106122 
1.11118 0.0873108 9.97938 -0.835685 -1.23856 -0.792477 0.34016 -0.987743 -0.67813 0.35129 -0.938887 0.599352 0.0654131 0.129427 2.13213 9.96547 0.105046 0.408443 -0.596339 5.7048 -0.838777 0.484899 0.0355543 -0.612767 -1.44542 0.629126 0.433249 2.53402 0.607691 -0.988064 0.151732 0.667666 0.3607 -3.49241 0.00786879 -0.72142 0.0455723 0.286624 -0.288903 -0.0464614 -0.149353 1.44637 -0.221964 -0.429811 9.96477 -0.478377 -0.429647 -0.471739 -0.985368 9.96507 9.96491 -0.023194 0.0731205 -0.403954 0.0649592 0.0691214 -0.296986 -0.488522 -0.538886 -0.402742 -1.04905 -0.490118 -0.528656 0.159808 
0.196033 -0.147917 9.98001 0.140766 -1.18829 0.169294 0.173224 -0.866821 0.0191857 -0.348778 -0.079298 -0.308807 -0.497977 -0.0762115 2.88099 9.96028 -0.0452891 0.38348 -0.417557 6.01759 -0.524815 -0.152868 -0.628422 -0.626681 -1.14713 0.247522 -0.448933 3.36792 -0.385044 -1.23963 -1.02241 -0.333725 -0.341066 -2.88185 -0.190691 -0.34279 -0.341946 0.372644 -0.489796 -0.0269587 -0.521994 0.620688 -0.378315 -0.269103 9.95941 0.260648 0.481648 -0.0989527 -0.58656 9.95968 9.95957 -0.287936 0.324544 -0.585308 0.213515 0.0968164 -0.8041 -0.0541819 -0.533093 0.00653457 0.256218 -1.29623 -0.158497 0.111466 
0.140873 -0.142489 9.98199 0.00867375 -0.820782 0.0811729 -0.104717 -0.493399 -0.776098 -0.287207 0.111247 -0.279112 -0.0931961 0.10035 2.37127 9.95619 -0.102012 1.10158 -0.888764 5.76015 -0.695093 -0.254714 1.00628 -0.511339 -0.15654 0.800055 -0.342209 2.18918 -0.0379736 -0.623999 -0.13907 -0.23949 -0.260025 -3.23399 -0.0476376 -0.68901 -0.0528979 0.0865956 -0.0793228 -0.180035 0.192998 -0.269153 -0.633761 -0.73884 9.95642 0.0511074 -0.270205 -0.617781 -1.07489 9.95695 9.95597 0.13865 -0.521047 -0.748848 -0.222783 0.00291151 -0.193578 -0.267279 -0.272659 -0.615067 0.67165 -1.07257 -0.548456 -0.236819 
-0.48601 -0.108966 9.9749 0.668654 -0.410638 0.232615 0.082081 -0.0772642 -0.169948 -1.05709 0.696958 0.119601 -0.141032 -0.273169 3.51429 9.95107 -0.00898367 -0.107175 -0.873995 4.96766 -0.390929 -0.183008 0.591083 -0.595356 0.122764 -0.153381 -0.714876 2.86132 -0.195913 -0.960903 -1.21371 -0.0052968 -0.850737 -3.16753 -0.1329 -0.158944 1.78474 0.309285 -0.331506 -0.0912359 0.54394 -0.358419 -0.836386 -0.365087 9.95101 -0.331312 -0.590988 0.241567 -0.424421 9.95134 9.95078 0.112231 0.141369 -0.0737283 0.224935 -0.0537878 -0.335141 -0.0296592 -0.125255 0.19199 0.486672 -0.893802 -0.584578 -0.23142 
0.741935 -0.0555916 9.98738 0.129973 -1.01768 -0.474044 -0.246294 -0.0916984 -0.0299776 -0.780763 -0.254705 -0.0195486 0.304044 -0.113632 3.52237 9.97621 -0.344692 -0.83469 -0.12014 5.74522 0.0923359 0.0524094 1.5916 -0.0875722 0.0671753 -2.09784 -0.0821747 3.41221 -0.826742 0.555877 0.811435 0.258878 -0.292743 -3.50749 -0.0569552 -0.141177 -0.54917 -0.399513 0.151335 -0.0931181 -0.169323 -0.913584 0.839558 0.0670049 9.97613 0.278871 0.104536 -0.431215 -0.295346 9.9766 9.97574 -0.123021 -0.204925 -1.00573 0.396369 -1.52552 -0.0221353 0.134413 -0.114076 0.159597 0.457681 0.0244749 0.374152 -0.26547 
-1.06825 -0.0748874 9.9885 -0.425952 0.490545 -1.91998 -2.17536 -0.871964 0.547124 -1.21294 0.345124 -0.341577 -0.363239 0.000234234 3.32221 9.96821 0.27893 -0.803774 -0.903114 6.34434 -0.48561 -0.561969 -0.427342 -0.106946 -0.863342 -2.39022 -1.3209 2.91569 -0.244388 -0.962276 0.195906 -0.356237 0.169316 -4.21581 0.291195 -0.509222 -2.16379 0.00454807 -0.752427 -0.0058158 -0.741076 -0.221534 -0.221194 -0.75686 9.9706 -0.901687 -0.174422 -0.652416 -0.913335 9.97183 9.96892 -0.624796 0.200675 -0.645567 0.103401 -0.590778 -0.317754 -0.717605 -0.426307 0.248037 0.00725367 -1.56043 -0.943495 0.140973 
-0.550279 0.0210243 9.98685 2.32262 -0.758465 -0.280423 -0.562348 -0.0247302 0.339075 -0.172564 2.82753 -0.105066 -0.683329 0.355537 6.85115 9.95597 -0.0691018 -0.64744 -0.66811 8.51161 -0.170859 0.0479632 -0.805424 1.01317 -0.246644 -1.01745 -0.480864 5.63327 -0.090067 -0.438872 -1.21259 0.323334 -1.00414 -4.42386 0.161184 -0.843555 0.121937 0.191173 0.0295461 0.385111 -0.851517 -1.32185 -0.759956 -1.05818 9.95835 -0.263975 -0.0893003 0.39622 -0.560272 9.95966 9.95675 0.260079 2.37468 -0.386965 0.568289 -0.632623 -0.526401 -0.0313725 1.17348 0.769597 -0.370929 -0.547329 -0.0590669 -0.216744 
4.92403 1.52975 -2.05882 6.58306 4.56367 2.63775 3.15858 3.25259 1.25131 4.19784 7.12054 1.5924 3.63972 1.60817 7.38382 -5.82298 1.26942 2.43427 4.64712 8.00404 2.71601 1.94968 2.31887 4.26588 4.09672 3.14429 6.04918 8.34168 2.86684 4.37862 5.41724 1.20306 2.37037 1.79459 1.19256 4.53409 2.42577 1.24345 3.84005 1.35249 5.24254 5.8313 5.02773 5.07042 -4.91153 3.60733 1.66778 3.68152 3.22546 -4.84764 -5.39802 4.36915 7.48183 4.894 2.56615 2.19427 3.85204 3.04779 4.8258 1.80949 2.2412 4.06107 4.70017 1.93126 
2.23973 1.04838 2.80416 5.30596 2.37684 1.0586 1.81795 1.70358 1.33952 2.09029 4.66871 0.527425 2.18804 1.36181 5.1383 -1.54334 0.992037 1.91376 2.46894 4.74876 1.91813 1.35763 0.74188 3.02157 1.86936 1.58687 3.07613 5.07411 1.39491 1.71599 2.82895 1.14407 1.82727 0.198653 0.442979 2.20775 1.00994 0.887425 2.19405 0.967748 2.30613 3.03233 2.59474 2.1607 -0.752857 1.77327 0.924232 2.05271 1.77595 -0.873648 -1.05879 2.60694 4.62212 2.90664 1.96458 1.18327 2.7813 1.79266 2.90272 0.746315 0.872928 2.13466 2.83794 0.629071 
1.35266 0.400789 7.91002 0.943248 2.63618 1.41822 1.71165 2.42405 1.11152 1.20329 1.0145 0.0976611 1.95853 0.127226 1.4567 2.16959 -0.208674 0.142674 2.08842 -0.232878 2.39445 -0.180169 0.153447 2.40465 2.29849 0.334567 1.7404 -0.371666 0.471101 1.54059 1.92223 -0.00190078 0.618128 0.263619 -0.0873396 1.76363 0.250711 -0.130385 1.78963 0.22242 2.08854 2.54529 1.14142 2.04279 2.86947 1.84622 -0.00529251 -0.11882 2.01183 2.63381 2.65706 1.63045 0.671594 2.08031 -0.783901 0.447733 2.33566 2.42733 2.46162 -0.0522511 0.00717698 0.745315 0.80885 -0.280452 
1.93229 0.276704 9.97178 0.0824392 1.70157 1.03376 1.77884 1.63472 -0.141672 2.29646 -0.541272 0.0950659 1.8061 -0.0917132 0.550149 4.41903 -0.125647 1.12455 2.14164 0.753589 1.75098 1.16074 0.433999 1.2862 1.85765 0.535458 1.73177 0.507371 -0.318249 2.12724 2.78565 0.10645 0.369394 0.0838493 0.0342434 1.64236 -0.0254312 0.101055 1.74087 0.210378 1.66449 1.72169 1.93619 2.19768 6.49302 2.19363 0.367295 -0.212657 2.20065 6.96466 5.28795 1.72403 -0.083076 1.94287 -1.04406 -0.193746 2.26119 1.85247 1.25533 0.0673848 0.959981 1.36514 2.16317 -0.0543081 
1.85186 0.362412 9.96762 0.150204 2.46805 1.18429 1.46314 1.27764 0.122414 1.79962 -0.392244 0.193647 1.71698 0.0654546 1.64708 3.28617 -0.138735 1.10541 1.98963 0.101249 0.98841 0.894263 0.175445 1.54515 2.19045 0.359431 2.33203 1.24296 2.38269 2.37597 2.24573 -0.0190646 0.153977 -0.196242 -0.275604 2.00638 0.57426 0.161337 1.54992 0.21074 1.36334 1.41656 2.18833 1.59486 4.10252 1.30129 -0.146959 1.99367 1.0147 4.73001 3.96875 0.762743 0.895392 0.920182 -0.916445 0.473747 1.75199 1.19986 1.40009 0.939122 -0.252919 2.05459 2.36525 0.0607603 
2.16612 0.0802423 9.97469 0.734143 1.97639 0.870306 1.30354 1.30072 -0.0986006 1.96325 1.16844 0.0563482 2.02304 -0.0383146 2.6211 4.71185 -0.102077 1.13132 1.79915 -0.0286044 1.29956 0.0531699 0.817057 1.95892 2.11986 0.953828 2.73883 0.779258 0.471785 1.96671 1.40667 -0.100075 1.64864 -0.139797 0.125092 1.79878 0.159688 0.153003 1.28098 0.212905 1.57394 1.52898 2.00991 1.65521 5.73026 1.35881 -0.226104 1.33764 1.9584 6.50639 5.22439 2.91035 0.42525 2.2896 -1.39876 0.394019 1.33311 1.54607 1.91197 -0.366419 -0.203795 2.02653 2.06881 0.161386 
2.62823 0.371698 9.93079 1.47008 1.54859 1.02609 1.73257 1.97253 0.29384 2.30209 0.822126 0.100499 2.14267 -0.0559902 1.53207 5.21042 -0.120345 1.36154 1.83602 0.1254 1.98286 0.968446 0.824325 1.4091 1.66831 0.926724 1.74369 -0.212302 0.282334 2.49334 2.57688 0.10127 0.366339 0.0195335 0.118875 1.75558 0.24701 0.00656274 1.87691 0.245855 2.11528 1.55103 2.04994 1.56117 6.66853 1.74991 0.36214 -0.219565 2.2676 6.91976 5.37691 1.73868 0.282055 1.7113 -0.921471 0.253024 1.95688 1.81684 1.38708 0.0110996 0.701489 2.14995 1.94403 0.131997 
1.8049 -0.22035 7.30373 0.491954 1.54157 0.854804 1.69334 1.84036 -0.410619 1.51218 -0.0307314 0.155814 1.79405 -0.267106 2.90944 2.17292 -0.129813 0.889089 1.40714 -0.389021 2.11492 0.0746285 0.386703 2.04225 1.73546 0.36295 1.53502 0.579079 0.0624972 1.43256 1.58862 -0.0219344 -0.0313887 0.514909 -0.150974 1.54445 0.605748 -0.0886357 2.38199 -0.349559 2.98345 2.19898 1.66546 1.88429 2.39085 2.06058 -0.0635502 0.0006289 2.38657 2.75493 2.47248 1.71349 1.67386 2.28577 -0.713284 0.0919163 2.41699 1.83172 2.19104 0.0485234 0.47634 1.76702 1.82925 -0.386853 
1.58631 0.202907 9.9737 -0.0327538 2.38405 0.935784 1.94812 1.62126 -0.381346 1.91777 -0.368302 0.204907 1.95033 0.127242 0.610529 4.76137 -0.173591 -0.384462 1.35726 0.640058 2.21074 1.06217 -0.136352 2.26165 2.10493 0.403105 1.77878 0.989649 0.459723 1.95011 1.1348 0.0864975 -0.271076 -0.0590514 0.000599644 2.10555 0.196077 0.150438 2.03454 0.163916 2.07239 2.24668 1.01746 1.74588 5.42212 1.99245 -0.26431 2.03313 2.22813 5.57166 5.17822 1.73016 -0.207971 2.73706 -0.477305 0.514411 1.21348 1.85078 1.49618 0.244823 0.224471 1.26483 1.74425 0.111561 
1.72845 -0.549634 9.96886 0.832553 -3.11833 0.0468349 0.293801 0.399355 -0.767261 1.06181 1.01049 -0.595624 -0.0285353 -0.25192 0.903787 4.15481 -0.811379 0.278943 0.0721994 0.585934 -0.353853 -0.214826 1.45323 -0.927565 -0.779186 -0.103018 -0.991411 -0.500992 -0.890398 -1.14454 -0.177831 -0.288299 -0.0369747 -0.871544 -0.294676 -0.020294 0.753724 -0.0374113 -0.307613 -0.187954 -0.486945 -0.36345 0.877607 -0.860038 4.84135 -0.107854 0.372327 0.446551 -0.653077 5.02929 4.33899 0.204244 0.012099 -0.558675 0.275169 -2.22805 -0.254531 -0.0117902 -1.24841 -0.165854 -0.149913 0.346932 2.62329 -0.273976 
-0.231732 -0.279231 9.98212 -0.212827 0.0206659 -0.617881 -0.206775 -1.22306 0.142408 -0.427268 0.169197 -0.704862 -0.585346 0.155565 3.15526 9.96308 -0.103323 -0.289215 -0.9032 5.65605 -0.467242 -0.236358 0.0191507 -0.176531 -0.728387 -0.593922 -0.447993 2.83421 -0.704503 -0.445898 -0.054807 0.0757924 -0.572452 -3.18552 -0.283749 -0.761817 -0.299878 -0.408659 -0.737514 -0.38025 -0.20621 -0.10526 -0.550193 -1.04404 9.96329 -0.269769 0.221202 -0.27736 -1.093 9.96387 9.96287 -0.0854251 -0.185207 -0.710899 0.357404 -0.536929 -0.178792 -0.548077 -0.633754 -0.119977 -0.589581 -0.725832 -0.528533 0.293561 
-0.0186682 -0.0215472 9.99433 1.49355 -1.24131 0.18783 0.217941 0.28628 -0.710832 1.04488 1.48721 -0.111706 1.07964 -0.290325 3.38175 9.97707 -0.00110835 -0.0287612 0.681563 4.35325 0.0645713 0.100654 -0.647469 0.838502 0.19912 -0.73124 -0.175089 2.92411 0.314461 0.383034 -0.159606 -0.230695 0.774545 -3.40469 -0.00289817 0.881069 -1.12717 -0.958924 0.107365 -0.213789 0.397649 -0.684385 1.03782 0.218854 9.97989 0.709044 -0.249472 -0.164834 0.22171 9.98111 9.97813 0.595482 0.49979 0.709521 -0.3925 -0.688871 0.195273 0.814107 0.353378 -0.160911 -0.72504 0.674064 0.555195 0.0470474 
-0.473625 0.0746799 0.326566 -0.155129 0.341016 -0.233397 -0.355001 0.0976283 0.0902977 0.118493 0.523751 -0.0699765 0.49998 0.058603 0.203268 0.130321 0.219379 -0.303547 0.709706 0.0766231 -0.264249 0.337554 0.206213 -0.38196 -0.0933805 0.276848 0.22818 0.0354526 -0.207791 -0.381628 -0.25754 0.150871 0.0467967 0.0543035 0.172306 -0.0532886 -0.0300843 0.260378 -0.682317 0.337364 -0.0209804 0.142109 0.023859 0.160873 -0.240626 0.152797 -0.0598334 -0.168899 0.498861 -0.173501 -0.184235 0.340114 -0.167231 0.150188 -0.384399 0.242957 0.305523 0.147756 -0.451153 0.0846159 -0.205148 -0.385376 -0.38481 0.0575443 
0.529152 -0.0854796 -0.10799 -0.130784 -0.267644 0.35073 -0.0848494 -0.296948 0.0241659 0.0660078 -0.100454 0.20226 -0.180429 -0.553365 -0.198114 0.159823 0.293542 0.124936 -0.0920515 -0.306022 0.467026 0.268831 0.44743 0.275887 0.108195 -0.292419 0.521769 -0.167658 0.18501 0.16263 -0.166756 0.0107275 -0.182898 0.212624 0.232481 -0.390304 -0.302653 0.388054 0.274528 0.0833253 0.2621 0.127461 0.0406711 0.0243842 0.196934 0.0583627 -0.0925336 0.0935312 0.22973 -0.265719 0.0460618 -0.130671 0.142566 0.502902 -0.21118 -0.0498423 -0.197477 0.0221708 -0.000228049 0.116579 0.233778 0.507788 0.0917271 0.235526 
0.234001 0.161894 0.0128361 -0.0507467 0.184619 0.427099 0.15833 -0.232878 0.10267 0.329369 -0.165067 0.0588364 -0.438492 -0.122411 0.169609 -0.183314 0.149629 -0.377779 0.019252 0.0722195 0.212723 0.242956 -0.0937046 -0.00765927 -0.239041 -0.524483 0.166847 -0.0222292 -0.281494 -0.197258 -0.57109 -0.296748 0.120259 0.293504 -0.17241 -0.0447208 -0.184127 0.13937 0.0283061 0.377389 -0.0100092 -0.123161 0.132251 0.0501115 -0.121811 -0.22149 -0.226005 0.13517 0.204027 -0.170186 -0.130144 1.02983 -0.359284 -0.338805 0.0185646 0.286389 0.0734024 0.108569 -0.298102 -0.0191849 0.10591 -0.357812 0.119642 -0.12954 
-0.202551 0.227022 0.00901559 0.056951 -0.18713 -0.372202 0.244617 -0.400158 0.183268 0.724292 -0.630452 0.376252 0.0248545 -0.150473 -0.262006 0.14477 0.25702 0.238705 0.0348087 -0.204693 0.286771 0.0755537 -0.287619 0.123736 -0.432156 -0.460257 -0.205629 0.0151793 0.458748 -0.181447 0.101729 0.543355 -0.127194 0.432413 0.249695 0.0152828 -0.0120648 0.156072 0.096308 -0.0460461 0.0871422 0.13033 0.0964112 0.164113 0.389491 0.471955 -0.306564 -0.0400058 -0.121415 -0.0145285 0.22572 0.594535 0.166705 0.2282 0.0377505 -0.860355 0.0467204 -0.0794349 0.265452 0.121988 -0.0524655 0.0442505 -0.212032 -0.292816 
-2.42078 -2.01752 9.95798 -4.70707 -2.06817 -1.40794 -1.88801 -2.14726 -0.977416 -2.45747 -5.51527 -1.52901 -2.73511 -2.5021 3.30199 9.90888 -2.1558 -2.30487 -2.20567 -0.788516 -2.27599 -2.28593 -0.52809 -2.69121 -2.15027 -1.02072 -1.84635 -2.79058 -1.49036 -2.36056 -1.74379 -2.18238 -1.99388 -8.99168 -2.27393 -2.11745 -0.606197 -1.50614 -2.94497 -2.3352 -2.1692 -1.93679 -2.65907 -1.79776 9.92342 -2.92597 -1.64456 -2.29344 -2.19206 9.92901 9.9143 -2.07896 -4.53324 -2.56248 -2.99072 -0.3563 -2.82337 -2.70313 -2.9857 -2.05212 -0.750289 -1.88051 -2.61158 -2.16553 
-9.95533 
-9.95369 
0.417569 
-8.67077 
-9.96912 
-9.96632 
-9.9737 
-9.95316 
-9.9579 
-9.37628 
-6.78022 
-9.95332 
-9.95776 
-9.95732 
0.388207 
0.98005 
-9.9577 
-9.94752 
-9.95664 
-9.2699 
-9.96791 
-9.9607 
-9.95682 
-9.96315 
-9.96394 
-9.96104 
-9.94299 
-4.21674 
-9.94078 
-9.9676 
-8.16972 
-9.95601 
-9.95364 
-3.21965 
-9.95791 
-9.95971 
-9.97 
-9.95233 
-9.95549 
-9.9565 
-9.95427 
-9.88684 
-9.94944 
-9.96042 
0.839105 
-9.95522 
-9.9527 
-9.95414 
-9.96478 
0.806632 
0.909314 
-9.9558 
-4.64253 
-9.96329 
-9.95232 
-9.96936 
-9.95613 
-9.96083 
-9.95438 
-9.95332 
-9.95993 
-9.95975 
-9.96302 
-9.95818 
9.89875 

# Training State Metadata
FILENAME tetris_model_best_20260906_score495800.txt
EPSILON 0.218975
EPSILON_MIN 0.05
EPSILON_DECAY 0.995
LEARNING_RATE 0.0015
GAMMA 0.99
TRAINING_EPISODES 29997
TOTAL_GAMES 303
BEST_SCORE 495800
AVERAGE_SCORE 308650
PREVIOUS_AVG_SCORE 308650
