# Neural Network Model File
# Saved: 2026-09-05 21:55:46
# Filename: tetris_model_best_20260905_215546_score85600.txt
#
-1.56091 0.330672 9.99829 0.191474 -0.0881608 -1.9189 -1.24093 -2.11593 -1.00621 -1.10951 0.452092 0.363001 -1.27081 0.141886 0.630822 8.15357 0.421836 -1.10783 -1.52776 5.973 -0.926754 -0.771937 -1.25253 -0.637029 -1.2877 -1.3998 -1.18946 3.78827 -1.15807 -0.623239 -1.52876 0.0225173 -0.09276 -4.44414 0.244038 -1.35809 -0.0125662 0.444654 -1.2292 0.55763 -0.869068 -1.36868 -1.43308 -1.43116 9.9961 -1.3069 -0.501234 -1.40131 -1.12601 9.99635 8.65691 -1.29599 0.859992 -0.831483 0.0544145 0.268619 -0.859003 -1.41684 -0.796523 -0.158978 -0.338473 -0.958675 -0.986764 0.200665 
-0.466585 -0.135991 9.99907 0.38428 0.209507 -0.327548 -1.19463 -1.52087 -0.455424 -0.525442 0.844191 0.303719 0.0580535 -0.0881428 0.972396 7.53368 0.194024 -1.52502 -0.352222 6.42992 -0.536931 0.299616 -0.459189 -0.156392 -0.584315 -0.075078 -0.565493 4.58742 -0.917435 -0.150549 -0.301888 0.0659086 0.389638 -3.65553 0.125751 -0.708596 0.150397 -0.625834 0.15086 -0.0388201 -0.406351 -0.607952 -0.359908 -0.591074 9.67359 -0.191764 0.659344 0.388927 -0.521097 9.99644 8.17476 0.0232404 0.941459 -0.691891 0.210172 0.761462 0.0320183 -1.43935 0.348923 -0.253722 0.677395 -0.0858783 0.048219 0.38932 
0.861703 0.124771 9.99817 0.563073 0.122757 0.53468 0.418905 -0.51154 -0.323474 1.37474 0.692432 -0.272792 0.450477 0.0492333 1.33854 6.96156 0.0837247 0.12779 -0.748697 4.73207 -0.0687101 0.152764 -0.460323 -0.360696 0.253171 1.13301 -0.396699 3.28958 0.0554026 0.760319 -0.268787 -0.146097 -0.831426 -2.6628 0.306283 -0.197329 -0.67343 -0.527982 0.77698 0.0978079 0.356417 1.3968 0.487211 0.16111 9.94365 0.383382 -0.722748 0.0725777 -0.389823 9.99608 8.31807 -0.73042 0.986824 -0.583995 0.0450791 -0.871826 0.399621 0.374284 -0.359917 -0.319402 -1.26428 0.429251 0.493042 -0.366836 
0.304022 0.0355089 9.99696 0.144107 -0.495043 0.293356 0.679555 -0.739923 0.0791215 0.41267 0.0412343 -0.00308679 -0.958779 0.161564 0.822695 7.77787 0.0502488 0.146664 -0.79073 4.48258 -0.596928 -0.447258 -0.0887366 -0.96205 -1.2771 0.574644 -1.01492 2.71989 -0.406733 -1.36073 -0.742937 -0.286775 0.22923 -3.03584 -0.11958 -0.953111 -0.121909 -0.568652 -0.133612 0.00669848 -0.34421 -0.0890514 -0.70782 -0.869434 9.99449 -0.673414 0.0254327 -0.364228 -0.738046 9.99477 8.68234 -0.811567 0.46013 -1.07568 0.00731273 -0.753047 -0.300787 -0.240757 -0.878712 -0.643071 -0.802066 -0.33966 -0.12473 -0.16054 
0.278511 0.210705 9.99714 -0.0244835 -1.07252 -0.844965 0.157642 -1.04355 -0.454272 -0.112107 -0.0107491 0.741829 0.258808 0.290064 0.936865 7.28887 0.234655 0.457822 -0.608764 5.18333 -0.902591 0.614111 0.28905 -0.833367 -1.45555 0.522333 -0.304743 2.63555 0.49311 -1.10635 -0.367185 0.83209 0.513305 -3.28089 0.155224 -0.755248 0.230949 0.447626 -0.177808 0.0927375 -0.320696 1.02737 -0.020127 -0.345376 9.99386 -0.454147 -0.317128 -0.271261 -1.00931 9.99415 8.32567 -0.523297 1.21938 -0.480084 0.703885 -0.0679273 -0.295189 -0.565622 -0.541324 -0.139701 -0.743265 -0.508019 -0.341064 0.318041 
-0.137239 -0.14384 9.99966 0.0612175 -1.07533 0.0470667 0.165742 -1.0903 0.175856 -0.381835 -0.0464663 -0.27534 -0.437646 0.00728393 0.91333 7.03875 0.0280086 0.386696 -0.461063 5.0595 -0.727286 -0.104375 -0.370393 -0.949215 -1.12755 0.140816 -0.250168 2.97912 -0.262455 -0.934046 -0.408583 -0.278297 -0.148678 -2.75896 -0.163139 -0.420409 -0.0533887 0.458275 -0.553567 0.0254461 -0.575233 0.171794 0.118237 -0.053434 9.18256 0.276885 0.548937 -0.0860391 -0.548173 9.99914 7.59326 -0.826006 0.906946 -0.83103 0.617837 0.484114 -0.946322 -0.214876 -0.716637 0.130468 0.474392 -1.19141 -0.113666 0.19369 
-0.611916 -0.0328176 9.99995 -0.119582 -0.499891 -0.027302 0.0311121 -0.636922 -0.55094 -0.66526 0.273071 -0.213177 -0.13813 0.260503 0.065003 8.12729 0.0154139 1.1441 -0.840991 4.95076 -0.794063 -0.174889 0.548847 -0.775805 -0.135424 0.738356 -0.874804 1.97261 0.129 -0.680005 -0.233589 -0.13379 -0.320877 -3.08454 0.0469177 -0.876417 -0.127814 0.200292 -0.148683 -0.087865 -0.129416 -0.906906 -0.366608 -0.644704 9.99751 0.0940421 -0.203554 -0.60376 -0.938515 9.99773 9.41795 -0.382724 0.0419739 -0.993271 -0.0959036 0.451116 -0.254273 -0.258956 -0.387736 -0.309631 0.843836 -1.01644 -0.803772 -0.128063 
-0.165578 0.0624151 9.999 0.529799 -0.582015 0.103951 0.407801 -0.177673 0.0422259 -0.35573 0.89304 0.249868 -0.156054 -0.0819051 1.2301 6.90258 0.138942 -0.0900901 -0.791981 4.3568 -0.42565 -0.0416842 0.135796 -0.727869 0.179853 0.222648 -0.46786 2.88054 0.111509 -0.771457 -0.326442 0.158469 -0.73819 -2.97336 0.0264396 -0.404817 1.14157 0.469013 -0.291909 0.071287 0.0607558 -0.73339 -0.300083 -0.244817 8.95745 -0.273848 -0.504275 -0.295474 -0.306944 9.86015 7.64862 -0.401246 0.678632 -0.282682 0.131098 0.0284114 -0.317822 0.0420271 -0.208133 0.424256 0.406953 -0.800274 0.08433 -0.0668787 
0.600488 0.0101991 9.99798 0.415093 -0.436912 -0.610809 -0.138931 -0.360568 0.00690023 0.0215425 0.304996 0.0190912 0.277244 -0.0298949 1.48603 7.53433 -0.282525 -0.920859 -0.184046 4.79178 -0.0287638 0.0737475 0.99788 -0.264316 -0.0113922 -1.59418 0.160747 3.28904 -0.659071 0.248271 0.217963 0.350393 -0.0488164 -3.36359 0.0385884 -0.369073 -0.605662 -0.352709 0.173238 -0.0139447 -0.336557 -0.872834 0.845558 0.0888002 9.41749 0.173877 0.153605 0.0537276 -0.48744 9.97776 8.04955 -0.473107 0.680416 -0.942805 0.369662 -1.3944 -0.0439729 0.00883079 -0.0441775 0.213473 0.339544 -0.149679 0.505431 -0.189026 
-0.232476 -0.0990833 9.99796 -0.186411 -0.180608 -2.19572 -2.08997 -1.14893 0.503412 -0.686761 0.530731 -0.387892 -0.477113 -0.00333065 1.05827 7.86059 0.281781 -0.972659 -1.03026 5.06486 -0.556951 -0.612722 -0.234895 -0.400443 -0.793429 -2.43397 -1.05121 2.59893 -0.532154 -0.973419 0.237907 -0.368961 0.138566 -4.08705 0.308319 -0.613652 -1.82805 -0.0124856 -0.85104 -0.0104792 -0.962904 -0.372167 0.236819 -0.513116 9.99583 -1.0769 -0.226284 -0.473499 -1.14722 9.99608 8.7934 -0.882339 0.988787 -0.675689 -0.180476 -0.889399 -0.386675 -0.913006 -0.415782 0.320716 -0.236912 -1.64512 -0.165339 0.159386 
-0.648573 -0.0172409 9.99893 1.21216 -0.343997 -0.559831 -0.667167 -0.344201 0.456021 -0.876709 1.9858 -0.166996 -0.910966 0.301754 2.39128 9.99471 -0.108397 -0.781121 -0.86242 7.85416 -0.276853 0.00332971 -0.560437 0.473834 -0.25973 -1.05902 -0.0939595 4.813 -0.251637 -0.605607 -0.559469 0.281248 -1.14482 -4.32153 0.127347 -1.04743 -0.024427 0.139988 -0.107119 0.340874 -0.945337 -0.836692 -0.578009 -0.335071 9.99599 -0.307227 -0.145795 -0.0696772 -0.776705 9.99631 9.99531 -0.347583 2.3472 -0.39241 -0.311227 -0.666831 -0.684961 -0.210721 1.11175 0.775215 -0.205515 -0.844807 -0.461804 -0.253792 
3.70874 0.99918 -0.772853 4.13375 3.2949 2.04396 2.50998 2.66586 0.686771 3.25395 4.63252 1.0531 2.97957 1.08009 4.52638 -3.488 0.736511 1.88065 4.04246 5.12654 2.12568 1.40356 1.39075 3.67464 3.46104 2.23336 4.26134 5.54959 2.23386 3.58752 3.93717 0.674563 1.69315 1.25884 0.659697 3.93631 1.66303 0.706005 3.27644 0.822849 4.42911 4.44793 4.15856 4.12209 -2.72657 3.00972 1.13065 2.80934 2.60934 -2.71271 -3.1279 3.61071 4.84723 4.22919 0.811514 1.46188 3.28368 2.46745 4.22185 1.27087 1.59613 3.36872 3.44751 1.4012 
1.84991 0.832759 1.97074 3.64389 2.23688 0.812686 1.53782 1.44306 1.16969 1.68836 3.03001 0.303877 1.87529 1.13346 3.01879 -1.0266 0.757964 1.6874 2.30803 3.4283 1.71672 1.14806 0.547032 2.72818 1.78686 1.25433 2.70091 3.83033 1.16912 1.71444 2.57497 0.929259 1.50999 -0.00509279 0.221254 2.0396 0.673599 0.674651 1.97718 0.744857 2.06539 2.63204 2.37952 2.18764 -0.441595 1.59802 0.707665 1.61657 1.68439 -0.629065 -0.630238 2.44028 3.26535 2.74746 0.80934 0.972925 2.5487 1.57565 2.69248 0.515534 0.734935 1.99747 2.19568 0.418281 
1.75024 0.669452 3.26527 2.67956 2.98899 1.35562 1.93855 2.43147 0.614471 1.96415 2.71164 0.34107 2.05847 0.322398 2.29149 -0.367215 0.0291226 0.34419 2.32879 0.715129 2.45486 0.0214208 0.227851 2.54169 2.43084 1.03648 2.56664 0.907001 0.672701 2.02197 2.41791 0.223867 0.813645 0.61377 0.120476 1.88207 0.507618 0.0710517 2.061 0.496147 2.22036 2.0006 1.43998 2.37775 0.0762389 2.09202 0.190147 0.0828405 2.26513 -0.239848 0.014981 1.71253 2.04035 2.3827 -0.453584 0.467662 2.51799 2.4919 3.01091 0.149467 0.221311 0.947081 1.51999 -0.0787366 
2.07305 0.503406 6.30711 1.07378 2.14482 1.35658 1.62097 1.81542 0.203822 1.75924 0.806823 0.321834 2.19534 0.109726 2.16726 1.23346 0.143036 1.31536 2.50948 1.64213 1.9234 1.5339 0.631222 1.4648 2.31589 0.505677 2.58106 1.41976 -0.139221 2.159 2.64258 0.417168 0.541907 0.440246 0.302916 1.85898 0.290307 0.34582 1.9102 0.491064 2.16832 1.9736 2.68055 2.4842 2.47275 2.24117 0.804131 -0.0336495 2.67012 2.6736 1.74666 2.36622 2.00699 2.10268 -0.400024 0.22899 2.51855 2.12095 1.43914 0.246354 0.597971 1.471 2.40848 0.16641 
2.23837 0.65268 5.3052 1.26793 2.37039 1.55756 1.58173 1.47155 0.446591 2.64232 1.21245 0.443048 1.95479 0.306349 1.91436 1.26555 0.0828215 1.37292 2.27417 1.14368 1.18565 1.12176 0.303199 1.74243 2.47594 0.570614 1.89549 2.15427 2.6204 2.31533 2.02215 0.208465 0.351462 0.0413153 -0.0721268 2.01409 0.298154 0.466896 1.81934 0.450237 1.63185 1.25203 2.0893 1.47745 1.77745 1.67286 0.05058 1.84215 1.21075 2.3037 1.81627 0.956459 1.37329 1.11172 -0.0825935 0.500439 1.97931 1.39731 1.59278 1.38255 0.0240411 2.14625 2.52358 0.31824 
2.35232 0.299 6.8881 1.50239 2.10973 1.14534 2.15548 1.51398 0.275001 2.0091 1.40165 0.329187 2.10362 0.231546 1.77043 1.36205 0.162138 1.56156 2.03284 1.04926 1.51267 0.265729 0.597923 2.25226 2.10824 1.48405 2.4445 2.20839 0.684609 2.1741 2.49981 0.118547 2.29127 0.20331 0.395485 2.07651 0.50781 0.482484 1.52986 0.473558 1.62049 1.83999 2.28292 2.62048 1.72721 1.56571 -0.00739812 1.58158 2.29818 2.29407 1.5886 2.40076 1.99691 2.45899 -0.310394 0.509195 1.55211 1.76512 2.14502 -0.153895 0.133284 1.9983 1.99102 0.503849 
2.54063 0.649788 6.60328 1.75389 1.48418 1.28591 1.96409 2.34177 0.459252 1.94289 1.28742 0.288583 2.31068 0.16042 2.14656 1.28735 0.0739016 1.50446 2.1868 0.93596 2.20656 1.13845 0.534565 1.57304 2.06188 0.626985 2.31519 0.631005 0.446478 2.29158 2.43603 0.289472 0.530236 0.397503 0.421094 2.20817 0.639477 0.182596 2.14934 0.45203 2.29369 3.14284 2.43054 2.1515 2.12363 2.06781 0.580547 -0.0552954 2.59922 2.19917 1.17266 1.83291 2.26551 1.88572 -0.0680995 0.457684 2.17478 2.00479 1.55044 0.175256 0.787771 2.24861 2.09139 0.344153 
2.43446 0.0105436 2.72998 1.58111 2.26848 1.1096 1.56117 2.07094 -0.161653 1.79321 1.27401 0.410711 1.92752 -0.0254819 2.43523 -0.0174797 0.119124 1.11996 1.63878 0.752059 2.37874 0.30545 0.559747 2.27347 1.85623 0.267733 2.5597 1.52121 0.293399 2.40588 1.60418 0.209009 0.199621 0.816543 0.0859768 1.86078 0.369588 0.14829 2.36563 -0.118681 2.76059 2.45061 1.66788 2.50839 -0.110591 2.25461 0.167435 0.231626 2.39767 0.145695 0.145232 1.81268 3.0278 2.7757 -0.588129 0.328215 2.72735 2.0685 2.57121 0.285406 0.50885 2.43107 2.09657 -0.15596 
1.32646 0.344211 5.82442 1.87565 2.0908 1.11308 1.91015 1.75919 -0.21606 2.30396 1.54934 0.412245 2.3198 0.371736 1.97268 2.40338 -0.0323122 -0.243099 1.49047 1.36122 2.323 1.30996 0.770961 2.37683 2.10708 0.834244 2.37717 2.1707 0.601228 2.18168 1.65304 0.299779 -0.129816 0.251414 0.165875 2.33781 0.612714 0.297822 2.31277 0.323217 2.25667 2.30743 1.42333 1.84155 2.71313 2.19998 -0.123024 2.8767 2.12902 2.73143 2.6772 2.47037 1.57261 2.83418 0.0175789 0.564534 1.35465 2.13006 1.63003 0.404127 0.768774 1.48413 1.90982 0.30695 
0.744619 -0.413557 7.08874 -0.0101134 -1.16673 0.130099 0.175775 0.460189 -0.221849 0.600783 0.309747 -0.463918 -0.0447157 -0.106204 -0.0590957 2.97085 -0.711054 0.374746 0.342296 0.867309 -0.211421 -0.0755668 0.758781 -0.885486 -0.49473 -0.240508 -0.433474 -0.171547 -0.623701 -0.577483 0.0423954 -0.124045 0.0437802 -0.745261 -0.156474 0.161923 0.467544 0.101737 -0.184733 -0.0384137 -0.00741305 0.129975 0.465996 -0.377838 3.41514 -0.0339608 0.520284 0.471016 -0.285167 3.52217 3.05224 0.403172 0.0987864 -0.220138 -0.105052 -1.58301 -0.187578 0.131212 -1.00479 -0.00400327 0.0980981 0.513394 0.997729 -0.094367 
-0.29088 -0.186607 9.99842 -0.0696869 0.0613423 -0.758955 -0.184186 -1.383 0.31499 -0.52001 0.500691 -0.632613 -0.539457 0.264729 1.04038 7.59763 -0.00362452 -0.320518 -0.972195 4.84274 -0.523533 -0.169701 0.122884 -0.438441 -0.755803 -0.565409 -0.430562 2.72521 -0.648985 -0.649455 0.000678041 0.170757 -0.513651 -3.01631 -0.18335 -0.858367 -0.245755 -0.337088 -0.727763 -0.283067 -0.390672 -0.197984 -0.277548 -0.858393 9.99617 -0.277357 0.280743 -0.30044 -1.14191 9.99641 8.56604 -0.539141 0.475051 -0.796485 0.279958 -0.488443 -0.19727 -0.626548 -0.701617 0.0674139 -0.392724 -0.850405 -0.514961 0.386397 
0.768994 0.256731 10 1.90501 0.759542 0.368721 0.53658 0.408592 -0.085463 1.16766 2.15225 0.155858 1.20827 -0.0645888 2.64969 6.37259 0.222091 0.229507 0.93072 4.79916 0.353965 0.404836 0.142719 0.788469 0.686884 -0.295951 1.29493 3.84822 0.581128 0.815691 1.04248 0.0500624 0.907911 -3.07011 0.254925 1.11761 -0.629833 -0.665875 0.440676 0.0417133 1.10919 0.824423 1.44992 1.36236 8.18795 1.11441 0.0191008 0.273418 0.395499 8.55906 7.20327 0.863287 2.06702 1.21005 0.447892 -0.117836 0.447369 1.08768 0.807759 0.0759946 -0.235874 0.879707 0.549128 0.358577 
-0.473625 0.0746799 0.326566 -0.155129 0.341016 -0.233397 -0.355001 0.0976283 0.0902977 0.118493 0.523751 -0.0699765 0.49998 0.058603 0.203268 0.130321 0.219379 -0.303547 0.709706 0.0766231 -0.264249 0.337554 0.206213 -0.38196 -0.0933805 0.276848 0.22818 0.0354526 -0.207791 -0.381628 -0.25754 0.150871 0.0467967 0.0543035 0.172306 -0.0532886 -0.0300843 0.260378 -0.682317 0.337364 -0.0209804 0.142109 0.023859 0.160873 -0.240626 0.152797 -0.0598334 -0.168899 0.498861 -0.173501 -0.184235 0.340114 -0.167231 0.150188 -0.384399 0.242957 0.305523 0.147756 -0.451153 0.0846159 -0.205148 -0.385376 -0.38481 0.0575443 
0.529152 -0.0854796 -0.10799 -0.130784 -0.267644 0.35073 -0.0848494 -0.296948 0.0241659 0.0660078 -0.100454 0.20226 -0.180429 -0.553365 -0.198114 0.159823 0.293542 0.124936 -0.0920515 -0.306022 0.467026 0.268831 0.44743 0.275887 0.108195 -0.292419 0.521769 -0.167658 0.18501 0.16263 -0.166756 0.0107275 -0.182898 0.212624 0.232481 -0.390304 -0.302653 0.388054 0.274528 0.0833253 0.2621 0.127461 0.0406711 0.0243842 0.196934 0.0583627 -0.0925336 0.0935312 0.22973 -0.265719 0.0460618 -0.130671 0.142566 0.502902 -0.21118 -0.0498423 -0.197477 0.0221708 -0.000228049 0.116579 0.233778 0.507788 0.0917271 0.235526 
0.234001 0.161894 0.0128361 -0.0507467 0.184619 0.427099 0.15833 -0.232878 0.10267 0.329369 -0.165067 0.0588364 -0.438492 -0.122411 0.169609 -0.183314 0.149629 -0.377779 0.019252 0.0722195 0.212723 0.242956 -0.0937046 -0.00765927 -0.239041 -0.524483 0.166847 -0.0222292 -0.281494 -0.197258 -0.57109 -0.296748 0.120259 0.293504 -0.17241 -0.0447208 -0.184127 0.13937 0.0283061 0.377389 -0.0100092 -0.123161 0.132251 0.0501115 -0.121811 -0.22149 -0.226005 0.13517 0.204027 -0.170186 -0.130144 1.02983 -0.359284 -0.338805 0.0185646 0.286389 0.0734024 0.108569 -0.298102 -0.0191849 0.10591 -0.357812 0.119642 -0.12954 
-0.202551 0.227022 0.00901559 0.056951 -0.18713 -0.372202 0.244617 -0.400158 0.183268 0.724292 -0.630452 0.376252 0.0248545 -0.150473 -0.262006 0.14477 0.25702 0.238705 0.0348087 -0.204693 0.286771 0.0755537 -0.287619 0.123736 -0.432156 -0.460257 -0.205629 0.0151793 0.458748 -0.181447 0.101729 0.543355 -0.127194 0.432413 0.249695 0.0152828 -0.0120648 0.156072 0.096308 -0.0460461 0.0871422 0.13033 0.0964112 0.164113 0.389491 0.471955 -0.306564 -0.0400058 -0.121415 -0.0145285 0.22572 0.594535 0.166705 0.2282 0.0377505 -0.860355 0.0467204 -0.0794349 0.265452 0.121988 -0.0524655 0.0442505 -0.212032 -0.292816 
-2.20256 -1.54947 10 -2.79292 -2.05967 -1.00016 -1.9797 -2.00715 -0.894155 -2.15789 -2.91418 -1.07289 -2.43725 -2.04884 0.426814 10 -1.69152 -1.89227 -1.55675 -0.121401 -2.22572 -1.81514 -0.635881 -2.56725 -1.96196 -0.775622 0.0993727 -1.26041 -1.3153 -1.89012 -1.31982 -1.71195 -1.44218 -7.90782 -1.79375 -1.6888 -0.539238 -1.02718 -2.64434 -1.8709 -2.26523 -1.37201 -1.81913 -0.212033 10 -2.52136 -1.198 -1.77417 -1.88253 10 10 -1.92974 -0.019274 -2.17093 -2.28956 -0.473312 -2.46059 -2.44223 -2.34229 -1.64177 -0.789658 -1.72009 -2.09094 -1.69135 
-9.87724 
-10 
0.294047 
-1.38759 
-9.99267 
-9.9937 
-9.99669 
-6.85837 
-10 
-9.99503 
-1.83508 
-9.99983 
-9.99929 
-10 
-1.95557 
0.858906 
-10 
-10 
-4.84865 
-9.66507 
-9.99937 
-10 
-9.94505 
-9.99752 
-9.99399 
-9.99493 
-2.03745 
-2.30568 
-9.99197 
-9.98724 
-1.66642 
-10 
-9.97886 
-1.3627 
-10 
-5.24476 
-9.99614 
-9.99882 
-10 
-10 
-8.84176 
-6.86013 
-4.42994 
-2.17106 
0.728765 
-10 
-10 
-9.99542 
-8.4803 
0.694703 
0.797495 
-6.64414 
-2.06887 
-5.58653 
-10 
-9.99272 
-9.99645 
-10 
-3.58068 
-9.99803 
-9.99826 
-9.77759 
-8.99053 
-9.99986 
9.94525 

# Training State Metadata
FILENAME tetris_model_best_20260905_215546_score85600.txt
EPSILON 0.297294
EPSILON_MIN 0.05
EPSILON_DECAY 0.995
LEARNING_RATE 0.0015
GAMMA 0.99
TRAINING_EPISODES 18360
TOTAL_GAMES 243
BEST_SCORE 85600
AVERAGE_SCORE 7198
PREVIOUS_AVG_SCORE 7198
