# Neural Network Model File
# Saved: 2026-09-07 17:15:58
# Filename: tetris_model_best_20260907_score2396400.txt
#
-2.46304 0.00965835 4.77116 0.10433 0.513529 -1.97143 -1.7539 -2.20176 -1.33685 0.292636 1.01808 0.0574394 -1.46823 -0.135218 8.13097 9.98215 0.101714 -1.23974 -1.50126 5.79968 -1.13532 -1.06964 -2.4026 0.221978 -1.24536 -0.86757 -1.18232 2.69547 -1.30156 0.35676 -1.2861 -0.296799 -0.112789 -5.00213 -0.0724328 -1.50067 -0.184153 0.157061 -1.46005 0.237427 0.030112 -1.05628 -1.82167 -1.86641 9.98299 -1.51133 -0.770204 -1.79406 -1.11601 9.9837 9.98298 -0.876691 0.115535 -1.10622 1.19074 0.359293 -1.11794 -1.52835 -0.857582 -0.496619 -1.15657 -0.487365 -0.983526 -0.110007 
-0.676081 -0.621355 5.43102 0.468236 -0.259494 -0.545897 -2.3349 -1.81789 -1.18856 2.70609 1.21502 -0.17455 -0.373664 -0.553025 8.57407 9.98486 -0.298134 -1.82838 -0.532121 5.36419 -0.92217 -0.140445 -1.21861 0.0827757 -0.634339 0.439232 -1.232 2.77004 -1.4256 0.723265 -2.49774 -0.426849 0.2025 -4.34418 -0.366576 -0.939525 1.41861 -1.05609 -0.205874 -0.525889 -0.68797 -2.54067 -0.603009 -1.25692 9.98605 -0.525193 0.222135 0.289659 -0.67631 9.9865 9.98601 0.924807 -0.153004 -0.861981 1.68932 0.34096 -0.282565 -1.75528 -0.00737598 -0.817106 -0.477971 0.432258 2.50942 -0.0789333 
-0.231241 -0.382547 5.48597 -0.815423 -0.45361 0.331733 0.886856 -0.692314 -0.903942 2.90922 -0.982394 -0.725839 -0.130809 -0.467225 8.55468 9.98545 -0.42677 -0.220802 -1.06617 3.53464 -0.440784 -0.331033 -1.96031 -0.907477 -0.171361 1.75771 -1.55669 1.4777 -0.4935 0.856296 -0.833234 -0.605457 -1.2857 -3.3458 -0.205317 -0.610573 -0.907412 -0.89407 0.381064 -0.40327 1.68253 0.807596 -0.329837 -0.620577 9.98458 -0.0829733 -1.15542 -0.0504627 -0.851455 9.98523 9.98474 0.223551 -0.513215 -1.09219 0.0280283 -1.46417 0.0175851 0.0918869 -0.648187 -0.969892 -2.291 1.13105 -0.902416 -0.808103 
1.07684 -0.21451 5.60085 -0.59936 -0.791043 0.258237 1.85664 -0.74668 -0.283442 2.44583 -0.0776505 -0.211429 -1.24178 -0.0841342 8.53905 9.98921 -0.178982 0.0114612 -0.836003 4.52244 -0.753642 -0.611577 -1.97816 -0.810828 -1.58852 1.75396 -0.833839 2.24135 -0.709871 -1.40927 -1.1065 -0.484763 -0.175486 -3.45472 -0.349568 -1.16649 -0.108065 -0.737905 -0.394467 -0.223969 -0.833959 1.06166 -1.10802 -1.1555 9.9878 -0.820681 -0.188589 -0.252936 -0.875505 9.9882 9.9883 -0.549282 -0.129574 -1.32112 0.755854 -0.829096 -0.523118 -0.313038 -0.885777 -1.00255 -1.15042 0.919905 -0.283921 -0.348404 
1.40264 -0.17418 5.57901 -0.8406 -1.2922 -1.05673 1.69134 -1.25289 -0.938546 0.321784 -0.225949 0.337934 -0.196124 -0.132258 8.56209 9.98966 -0.156659 0.146863 -0.858148 4.42075 -1.10055 0.223068 -0.448278 0.292824 -1.70712 1.40436 0.141378 1.32328 0.29672 -1.27179 -0.636996 0.406058 0.0991872 -3.87949 -0.253734 -0.983182 0.117335 0.025155 -0.550487 -0.308059 0.17978 1.88668 -0.483594 -0.700993 9.98887 -0.740094 -0.691221 -0.733549 -1.2587 9.98916 9.98895 -0.722616 -0.449918 -0.7098 0.598953 -0.136281 -0.558631 -0.750211 -0.800432 -0.664455 -1.02262 -0.584268 -1.12294 -0.101871 
1.11616 -0.454902 4.8867 0.224209 -1.15906 -0.138289 0.485259 -1.17443 -0.287638 -2.96776 0.96573 -0.615718 -0.804971 -0.383393 7.8864 9.99017 -0.352478 0.0764468 -0.724838 4.4866 -0.831976 -0.460174 -0.762986 -1.16637 -1.4543 0.662163 -0.764255 1.69129 -0.65119 -1.45915 -0.672788 -0.640821 -0.648046 -3.31655 -0.49778 -0.650033 0.718462 0.0656888 -0.79685 -0.334063 -0.74762 1.12463 -0.68541 -0.583321 9.98876 -0.046513 0.174598 -0.406227 -0.908648 9.98917 9.98911 -0.958625 0.459474 -0.871217 0.88282 -0.122666 -1.11119 -0.361308 -0.840118 -0.300698 0.981066 -1.1283 -0.127745 -0.195709 
0.0759216 -0.382723 5.13409 -0.0894695 -0.859522 -0.161359 0.253302 -0.735325 -1.01607 -1.10197 -0.343921 -0.519285 -0.333415 -0.140055 7.98214 9.98782 -0.342443 0.861225 -1.12929 4.57837 -0.935378 -0.495279 0.259834 -0.298114 -0.396948 0.971752 -0.61676 0.825726 -0.268966 -0.866209 0.419908 -0.479824 -0.500269 -3.59207 -0.287965 -0.929488 0.399104 -0.153598 -0.319607 -0.420376 -0.676878 0.432735 -0.874128 -0.981762 9.98604 -0.18926 -0.510484 -0.8584 -1.31578 9.98604 9.98656 0.799329 -0.529124 -0.996157 -0.119855 -0.202853 -0.433884 -0.507591 -0.512921 -0.855544 1.49296 -0.53578 -0.372705 -0.477241 
-0.391717 -0.300904 5.58206 1.10354 -0.524593 0.0383267 -0.6199 -0.276089 -0.368801 -2.94766 1.33557 -0.0722239 -0.332957 -0.465331 8.37091 9.98359 -0.201134 -0.299014 -1.06623 4.00894 -0.585387 -0.375254 1.6346 -0.266756 -0.0729722 -1.00315 -0.9404 1.68039 -0.337581 -1.26664 -1.71421 -0.197358 -1.04268 -3.48766 -0.324968 -0.351155 2.97036 0.117429 -0.523514 -0.283299 -0.187224 -0.497795 -1.02842 -0.559779 9.98309 -0.523389 -0.782968 0.0492534 -0.607516 9.98337 9.98393 -0.0563527 0.703736 -0.243875 0.327969 -0.229173 -0.527136 -0.221717 -0.317159 -0.000155384 0.645615 -0.387285 -0.231451 -0.423548 
0.630913 -0.367964 5.09066 0.251587 -1.08827 -0.788097 -0.749266 -0.414182 -0.352617 -0.915902 0.2786 -0.331768 -0.00817788 -0.426218 8.19682 9.98668 -0.657279 -1.14722 -0.432677 4.1877 -0.223681 -0.260219 3.95396 0.449845 -0.250618 -2.80502 -0.408609 1.65725 -1.14158 0.45806 0.706985 -0.0536046 -0.605115 -3.95518 -0.369448 -0.45363 0.26302 -0.711782 -0.160975 -0.405626 -0.809716 -1.2382 0.527171 -0.249085 9.98534 -0.0335197 -0.207897 -0.743832 -0.598616 9.98594 9.98563 -0.702242 -0.0241232 -1.26419 1.40029 -1.81152 -0.334507 -0.177937 -0.426356 -0.152912 1.38494 -0.245052 1.11372 -0.578036 
-2.08193 -0.337555 4.50321 -0.602768 0.551924 -2.18281 -2.11646 -1.14232 0.274287 -1.87701 0.146663 -0.604084 -0.625773 -0.262679 7.89097 9.98586 0.0160145 -1.06654 -1.16593 5.0468 -0.751908 -0.824932 -0.00933569 1.05984 -1.13141 -2.76642 -1.63392 1.46903 -0.593354 -1.25419 1.15218 -0.619048 -0.0933036 -4.62495 0.0283782 -0.77195 -1.59121 -0.257999 -1.01508 -0.26863 0.0510618 -0.945739 -0.483883 -1.02206 9.9852 -1.16442 -0.437175 -0.915327 -1.16952 9.98587 9.98521 -0.873255 -0.64176 -0.803661 0.49864 -0.868801 -0.580439 -0.980281 -0.688885 -0.0147788 1.05435 -0.669856 -1.32788 -0.121916 
-0.0232149 -0.530377 3.48997 3.78544 -1.06381 -0.835522 -0.284186 -0.590113 -0.222393 -0.972374 4.87031 -0.65633 -1.23466 -0.19619 7.74005 9.98377 -0.620831 -1.19911 -1.21985 5.79473 -0.727935 -0.503812 0.311859 2.32101 -0.807245 -1.1044 -1.10531 2.79823 -0.642955 -0.928329 -3.45427 -0.228252 -1.55563 -5.17153 -0.390401 -1.39521 1.40218 -0.360129 -0.521887 -0.166481 -1.87132 -1.26947 -1.3115 -1.61928 9.98256 -0.815481 -0.640772 -0.155669 -1.10825 9.98316 9.98278 -0.669516 2.89787 -0.936166 1.46757 -1.15517 -1.07788 -0.582869 0.622055 0.217912 -1.04526 -0.52047 0.485141 -0.768449 
7.53444 2.46597 -2.11612 9.956 5.5097 3.57395 4.33828 4.1888 2.18751 6.61079 9.95912 2.52863 4.57594 2.54439 7.02265 -8.33068 2.20564 3.37047 5.58331 9.96916 3.65222 2.88588 4.61659 6.02062 5.03291 4.81496 6.9853 9.96887 3.80561 5.35066 7.23199 2.13928 3.30658 2.7194 2.12878 5.47027 4.80017 2.17967 4.77627 2.28871 7.4193 8.44556 5.96393 6.00661 -6.77551 4.54354 2.60399 4.61774 4.16168 -6.56103 -7.58347 5.51894 9.99381 5.83685 5.31977 3.13759 4.78824 3.984 5.76202 2.74571 3.32349 5.37193 7.5532 2.86747 
2.69039 0.845953 6.00562 5.99998 2.11225 0.854718 1.70137 1.49736 1.13453 1.75852 5.87751 0.325016 1.98563 1.15932 9.13345 3.29605 0.789551 1.71127 2.26649 3.74563 1.71451 1.15516 1.39056 3.4968 1.66512 1.29762 2.85476 4.20717 1.17048 1.37324 0.762086 0.94161 1.62484 -0.0305706 0.240516 2.00532 1.85427 0.68501 1.99162 0.765286 1.42251 3.52665 2.39231 1.9559 4.9177 1.57085 0.721795 1.85019 1.57286 4.89284 4.24707 2.03273 4.77607 2.70306 2.31241 0.994944 2.57888 1.59024 2.70029 0.543843 0.249915 1.55742 3.2985 0.426592 
-0.093058 0.182267 8.5175 -1.08473 1.92757 1.1685 1.31021 2.09636 0.825845 0.458022 -1.60616 -0.120955 1.73978 -0.0912155 9.34847 9.98263 -0.427187 -0.0758497 1.86966 -1.13068 2.13871 -0.39882 -0.832453 1.86987 2.01977 0.36424 1.52184 -0.305758 0.252419 1.3219 2.25466 -0.220414 0.399592 -0.0658911 -0.305805 1.54494 -1.39736 -0.348971 1.57097 0.00391736 3.98624 1.2414 0.922649 1.78215 9.98089 1.62745 -0.223876 -0.337524 1.79323 9.98154 9.98191 1.34772 -0.565544 1.86154 -2.52236 0.154533 2.11686 2.20863 2.24291 -0.270849 -0.140826 0.529225 -0.615723 -0.49898 
2.18228 -0.0668563 7.50122 -1.02572 1.35844 0.690685 1.09406 1.29124 -0.484955 3.39874 -2.14848 -0.248294 1.46308 -0.435697 9.13751 9.98285 -0.469619 0.780099 1.79813 -0.766526 1.4077 0.817153 0.0272999 0.880145 1.51428 0.830821 1.38818 -0.771562 -0.662447 2.20153 2.3385 -0.237356 0.0256911 -0.32765 -0.309567 1.29906 -0.542461 -0.242415 1.39763 -0.133439 0.801935 1.59846 1.59262 1.78224 9.98404 1.85049 0.023597 -0.556353 1.85718 9.98494 9.9832 1.16848 -0.144609 1.59942 -2.12669 -0.537071 1.91785 1.50935 0.912046 -0.276481 1.50184 1.11241 1.78473 -0.398252 
1.5252 0.0389738 6.5674 -0.88798 3.07452 0.860571 1.56086 0.954092 -0.200859 1.8301 -1.1972 -0.129691 1.39351 -0.258094 5.22047 10 -0.462203 0.781761 1.66633 -1.2449 0.664856 0.570844 -0.159131 1.40378 1.86694 0.163847 1.86874 -0.141679 1.73692 1.75998 2.8608 -0.342516 -0.169332 -0.606496 -0.599042 1.68282 -0.92151 -0.161905 1.22636 -0.112765 0.390005 1.15717 1.86493 1.27131 10 0.977834 -0.4703 1.67002 0.691259 10 10 0.438052 -0.51467 0.596518 -2.49134 0.0600443 1.42857 0.876377 1.07662 0.615759 -0.192944 2.39328 2.19477 -0.262695 
1.44626 -0.21939 7.73521 -0.790802 1.64425 0.570048 1.74721 1.00038 -0.39852 1.46441 -0.660051 -0.243129 1.72307 -0.338237 9.53414 9.98026 -0.40187 0.832348 1.49919 -1.04897 0.999378 -0.246655 0.0840634 1.26148 1.81978 1.01144 2.0724 -0.274592 0.17195 1.67996 2.33661 -0.399914 1.34889 -0.460885 -0.174717 1.49859 -0.470382 -0.146519 0.981007 -0.086821 0.824953 2.03753 1.71006 1.35504 9.99257 1.05886 -0.525777 1.0375 1.65829 9.9958 9.9874 2.91712 -0.456834 1.98933 -2.29617 0.0702359 1.03324 1.24595 1.61219 -0.666375 -0.373882 1.57692 1.91088 -0.138344 
1.76868 0.110504 8.3738 -0.9827 1.28698 0.764398 1.56346 1.71123 0.0323951 1.4419 -1.32383 -0.160866 1.88115 -0.316826 9.88218 9.95967 -0.38122 1.10132 1.57463 -1.16958 1.72122 0.707509 0.0138748 2.14762 1.40675 -0.0911454 1.4825 -0.586054 0.0217111 2.11075 1.62392 -0.159736 0.105098 -0.24309 -0.142039 1.49406 -0.420784 -0.254619 1.61546 -0.0151905 2.83029 1.99005 1.78873 1.29966 9.96691 1.4884 0.101085 -0.480768 1.94021 9.96993 9.96146 1.56092 -0.577766 1.4498 -2.60621 -0.00851426 1.69528 1.55513 1.12557 -0.249841 -0.0761876 1.75891 2.27462 -0.12888 
1.44473 -0.373633 8.09882 -0.841612 1.38869 0.701847 1.69411 1.68727 -0.563701 1.81661 -1.17255 0.00252969 1.64114 -0.420661 8.87591 9.96945 -0.283408 0.735888 1.25414 -1.06241 1.96192 -0.0788284 0.00669962 1.45866 1.58242 -0.593545 1.38184 -0.0137554 -0.0908217 1.27932 2.53656 -0.175366 -0.184745 0.273171 -0.304515 1.39156 -1.22343 -0.241981 2.22899 -0.503037 1.88401 2.1045 1.51247 1.73102 9.97544 1.90759 -0.216851 -0.152555 2.20412 9.97651 9.973 1.1609 -0.370156 2.13272 -2.89225 -0.0614648 2.26402 1.67884 2.03787 -0.104892 0.0748708 1.85687 1.91578 -0.540467 
1.88724 -0.0608323 7.41353 -0.886151 2.15655 0.672802 0.825363 1.35805 -0.644954 1.15515 -0.850768 -0.0585891 1.68722 -0.136718 8.57534 9.94991 -0.437512 -0.650288 1.09365 -0.679163 1.94801 0.798165 0.192687 1.34497 1.84187 0.0408415 1.51528 -0.518758 0.194625 1.73195 0.598623 -0.177271 -0.534837 -0.40634 -0.263189 1.84233 -0.628986 -0.11321 1.7714 -0.0999413 2.84015 0.904985 0.753841 1.48277 9.97092 1.72915 -0.528126 1.76904 2.04338 9.97305 9.96493 2.68363 -0.782907 2.48562 -2.06743 0.352845 0.950086 1.58763 1.23279 -0.0188899 0.187917 1.24022 1.64771 -0.152375 
4.62675 -0.682841 9.04826 1.78387 -3.30263 -0.0878494 -0.367509 0.263986 -0.899872 2.32632 1.78953 -0.728797 -0.161656 -0.385203 5.932 9.62696 -0.944661 0.145563 -0.0609881 -0.0826643 -0.487052 -0.348108 3.88033 -1.93098 -0.912331 -0.114333 -1.11824 -0.931464 -1.04221 -1.55186 -0.765036 -0.421542 -0.170162 -1.04332 -0.42792 -0.153463 1.42854 -0.170604 -0.440784 -0.321207 -2.4584 -0.995857 0.744447 -0.994446 9.99331 -0.241041 0.239103 0.313261 -0.786241 9.99355 9.99263 -0.515935 1.01634 -0.683441 0.725 -2.34459 -0.387692 -0.144938 -1.38157 -0.299113 -0.0640033 -0.200342 6.06327 -0.407252 
-0.332033 -0.545559 5.23964 -0.345115 -0.0650706 -0.885968 -0.143921 -1.49377 -0.126946 -0.430715 0.436207 -0.971087 -0.851651 -0.110951 8.2828 9.98704 -0.369851 -0.555747 -1.1698 4.33527 -0.735148 -0.502987 -0.0808581 0.0340506 -0.997154 -0.393585 -0.737842 1.43426 -0.996943 -0.603624 -0.273938 -0.190636 -0.83882 -3.58191 -0.550175 -1.02837 0.253841 -0.674917 -1.00387 -0.646693 -0.237933 -0.0590244 -0.816649 -1.31371 9.98606 -0.536216 -0.045189 -0.543994 -1.35847 9.98658 9.98622 -0.187934 -0.417599 -0.984664 0.818927 -0.786586 -0.445212 -0.814507 -0.900096 -0.386498 -0.382399 -0.379282 -0.547474 0.0270436 
0.249957 -0.186793 7.02427 1.05525 -1.04602 0.0191788 0.963471 0.107261 -0.886042 0.424859 1.48635 -0.27687 0.914528 -0.45584 9.01946 9.99006 -0.166609 -0.194315 0.51627 3.56054 -0.106183 -0.0647829 1.16966 2.20043 0.0248842 -1.38958 -0.400311 2.10072 0.153263 0.259277 1.13057 -0.396095 0.609275 -3.69562 -0.168297 0.715816 -0.398607 -1.12412 -0.0578422 -0.379183 0.959005 -1.65346 0.872578 0.0441769 9.99126 0.543834 -0.414755 -0.330435 0.0606212 9.99137 9.99154 1.05849 0.131601 0.546744 -1.56628 -0.820877 0.0300969 0.648933 0.188169 -0.326334 -0.456216 1.20927 0.579348 -0.118427 
-0.473625 0.0746799 0.326566 -0.155129 0.341016 -0.233397 -0.355001 0.0976283 0.0902977 0.118493 0.523751 -0.0699765 0.49998 0.058603 0.203268 0.130321 0.219379 -0.303547 0.709706 0.0766231 -0.264249 0.337554 0.206213 -0.38196 -0.0933805 0.276848 0.22818 0.0354526 -0.207791 -0.381628 -0.25754 0.150871 0.0467967 0.0543035 0.172306 -0.0532886 -0.0300843 0.260378 -0.682317 0.337364 -0.0209804 0.142109 0.023859 0.160873 -0.240626 0.152797 -0.0598334 -0.168899 0.498861 -0.173501 -0.184235 0.340114 -0.167231 0.150188 -0.384399 0.242957 0.305523 0.147756 -0.451153 0.0846159 -0.205148 -0.385376 -0.38481 0.0575443 
0.529152 -0.0854796 -0.10799 -0.130784 -0.267644 0.35073 -0.0848494 -0.296948 0.0241659 0.0660078 -0.100454 0.20226 -0.180429 -0.553365 -0.198114 0.159823 0.293542 0.124936 -0.0920515 -0.306022 0.467026 0.268831 0.44743 0.275887 0.108195 -0.292419 0.521769 -0.167658 0.18501 0.16263 -0.166756 0.0107275 -0.182898 0.212624 0.232481 -0.390304 -0.302653 0.388054 0.274528 0.0833253 0.2621 0.127461 0.0406711 0.0243842 0.196934 0.0583627 -0.0925336 0.0935312 0.22973 -0.265719 0.0460618 -0.130671 0.142566 0.502902 -0.21118 -0.0498423 -0.197477 0.0221708 -0.000228049 0.116579 0.233778 0.507788 0.0917271 0.235526 
0.234001 0.161894 0.0128361 -0.0507467 0.184619 0.427099 0.15833 -0.232878 0.10267 0.329369 -0.165067 0.0588364 -0.438492 -0.122411 0.169609 -0.183314 0.149629 -0.377779 0.019252 0.0722195 0.212723 0.242956 -0.0937046 -0.00765927 -0.239041 -0.524483 0.166847 -0.0222292 -0.281494 -0.197258 -0.57109 -0.296748 0.120259 0.293504 -0.17241 -0.0447208 -0.184127 0.13937 0.0283061 0.377389 -0.0100092 -0.123161 0.132251 0.0501115 -0.121811 -0.22149 -0.226005 0.13517 0.204027 -0.170186 -0.130144 1.02983 -0.359284 -0.338805 0.0185646 0.286389 0.0734024 0.108569 -0.298102 -0.0191849 0.10591 -0.357812 0.119642 -0.12954 
-0.202551 0.227022 0.00901559 0.056951 -0.18713 -0.372202 0.244617 -0.400158 0.183268 0.724292 -0.630452 0.376252 0.0248545 -0.150473 -0.262006 0.14477 0.25702 0.238705 0.0348087 -0.204693 0.286771 0.0755537 -0.287619 0.123736 -0.432156 -0.460257 -0.205629 0.0151793 0.458748 -0.181447 0.101729 0.543355 -0.127194 0.432413 0.249695 0.0152828 -0.0120648 0.156072 0.096308 -0.0460461 0.0871422 0.13033 0.0964112 0.164113 0.389491 0.471955 -0.306564 -0.0400058 -0.121415 -0.0145285 0.22572 0.594535 0.166705 0.2282 0.0377505 -0.860355 0.0467204 -0.0794349 0.265452 0.121988 -0.0524655 0.0442505 -0.212032 -0.292816 
-2.88298 -2.07015 -4.7242 -7.07579 -1.67683 -1.4916 -1.9132 -2.30921 -1.09696 -2.3587 -7.53788 -1.58122 -2.78714 -2.55563 5.35876 9.96982 -2.20921 -2.35899 -2.2585 0.192924 -2.36538 -2.33909 -1.63629 -3.81704 -2.26288 -1.32146 -2.40534 0.133759 -1.86715 -2.35097 0.955742 -2.23547 -2.04682 -9.50723 -2.32698 -2.17008 -3.29029 -1.55841 -2.99728 -2.38841 -0.662274 -2.02651 -2.71178 -1.96474 9.97032 -2.97834 -1.6973 -2.34736 -2.26156 9.97265 9.96929 -1.20137 -6.18445 -2.60389 -5.21908 -0.496055 -2.87602 -2.75554 -3.03831 -2.10524 0.128527 -0.975301 -3.60494 -2.21888 
-9.98062 
-9.96866 
-0.195479 
-9.86591 
-9.96132 
-9.96003 
-9.95614 
-9.92023 
-9.9558 
-9.99901 
-9.96033 
-9.97063 
-9.96599 
-9.96714 
-0.0855586 
0.466814 
-9.96798 
-9.96616 
-9.92389 
-9.58005 
-9.96039 
-9.97206 
-9.97047 
-9.97793 
-9.95893 
-9.94869 
-9.9578 
-9.81328 
-9.9699 
-9.97493 
-9.87954 
-9.96819 
-9.9639 
-5.68466 
-9.9678 
-9.95858 
-9.96381 
-9.97044 
-9.96781 
-9.96923 
-9.94905 
-9.95936 
-9.97292 
-9.94888 
0.313705 
-9.96438 
-9.96749 
-9.97354 
-9.95556 
0.278279 
0.388607 
-9.96633 
-9.87976 
-9.95749 
-9.9538 
-9.96349 
-9.96249 
-9.95982 
-9.96611 
-9.97136 
-9.95487 
-8.8343 
-9.9775 
-9.9691 
9.89691 

# Training State Metadata
FILENAME tetris_model_best_20260907_score2396400.txt
EPSILON 0.139467
EPSILON_MIN 0.05
EPSILON_DECAY 0.995
LEARNING_RATE 0.0015
GAMMA 0.99
TRAINING_EPISODES 62668
TOTAL_GAMES 393
BEST_SCORE 2396400
AVERAGE_SCORE 843500
PREVIOUS_AVG_SCORE 843500
