# Neural Network Model File
# Saved: 2026-09-05 21:42:44
# Filename: tetris_model_best_20260905_214244_score4400.txt
#
0.110926 0.449595 7.8379 1.17596 0.610074 -1.66315 -0.0843724 -0.172408 -0.515443 0.488937 0.884488 0.46199 0.329104 -0.0260872 -0.897936 4.64361 0.428301 -0.796716 -0.924595 1.49867 0.510407 -0.399802 -0.372397 0.593775 -0.184658 -1.55807 -0.852938 1.00117 -0.60215 0.732858 -0.0300515 0.026353 0.231964 -1.8748 0.103411 -0.520448 0.379569 0.474333 0.083707 0.594041 -0.0254915 0.0270634 0.282405 -1.42543 5.36572 0.0899941 -0.0169888 -0.465615 0.581136 5.40593 4.38075 0.334173 0.131018 0.157074 -0.242857 0.552964 0.602699 0.344607 0.517454 -0.0964355 0.0499636 -0.606004 0.57496 0.148038 
0.664858 -0.209816 7.35584 0.770138 0.904128 -0.872001 -0.427713 0.120756 0.0126363 0.265204 0.718034 0.361119 0.933758 -0.354655 -0.90748 4.92702 0.126902 -1.33258 -0.503994 1.61827 0.66188 0.123724 -0.134569 1.01395 0.504854 -0.120458 -0.855747 1.40444 -0.154505 0.722244 0.264908 -0.0642044 0.432412 -1.42349 -0.0940896 -0.744447 -0.061187 -0.607036 1.14957 -0.142788 -0.0599021 -0.114851 0.202984 -0.979222 5.44735 0.824368 0.367867 0.726393 0.711217 5.3399 4.86291 0.721032 -0.371904 -0.138448 0.00231916 0.369267 0.92827 0.0814397 1.35569 -0.12715 0.354022 -0.0975419 0.672869 0.255075 
0.883357 0.0561145 7.20726 1.4341 0.980145 -0.402093 0.405225 0.898698 -0.219087 1.39143 1.043 -0.188746 0.97273 0.0190407 0.123171 3.59843 0.0947009 -0.141796 -0.546557 0.67302 0.995681 0.0461011 -0.398727 0.859338 1.37145 0.253024 -0.149859 0.762576 0.280407 1.63592 0.53994 -0.192093 -0.403501 -0.346024 0.211796 -0.0953267 -0.889231 -0.484214 1.35963 0.0217941 0.963411 1.09574 1.05604 0.118866 5.01376 0.989071 -0.393105 0.490059 0.831946 4.86022 4.27107 0.308683 0.387548 0.469631 -0.0184299 -0.849977 0.998771 1.36078 1.09142 -0.0580502 -0.723359 0.356723 0.763308 -0.387948 
0.888541 0.0716141 6.84155 1.39981 0.986291 -0.180695 0.54733 0.773017 0.362928 0.996642 0.765065 -0.140047 -0.0520715 0.169375 0.0381806 3.92932 0.0032631 0.327295 0.175344 0.635611 0.830336 -0.44205 -0.163881 0.477417 0.355674 0.04402 0.0061578 0.608159 -0.0510699 0.229077 0.507496 -0.427588 0.106416 -0.642638 -0.172203 0.0243462 -0.259615 -0.54487 1.19962 -0.162648 0.973468 0.855853 0.544925 0.0302264 4.91358 0.514487 0.0798049 -0.501767 0.783189 4.81711 4.16498 0.841168 0.0118657 0.457678 -0.0371774 -0.8562 1.25947 0.884059 0.976923 -0.512671 -0.524872 0.213759 0.705605 -0.251686 
0.30904 0.162928 7.31591 0.73324 0.263217 -1.20118 -0.343563 0.388685 -0.383087 0.228096 0.218258 0.591633 0.65892 0.209065 -0.495164 3.86674 0.124716 0.533892 -0.380337 0.893635 0.273432 0.501276 0.0740968 0.454994 -0.218538 0.0670112 -0.156395 0.0944037 0.607702 0.361027 -0.30259 0.734898 0.430788 -0.92026 -0.0145171 -0.748673 0.141148 0.07253 0.453394 -0.101271 0.107893 0.728697 0.224636 -0.442188 5.11962 0.414431 -0.231382 -0.361056 0.243348 4.69172 4.21585 0.308622 0.120387 0.303553 0.696749 0.220437 0.496589 0.258796 0.703303 0.0857567 0.084311 -0.107441 0.291285 0.176561 
0.318906 -0.322568 6.37471 0.912392 0.39043 -0.330513 0.049862 0.351424 -0.047942 0.422793 0.237959 -0.475135 0.167457 -0.0424218 -0.382549 3.75496 -0.015703 0.523327 -0.0694842 1.0008 0.597131 -0.151645 -0.150751 0.481644 0.336097 -0.19283 -0.16465 0.498582 -0.0504558 0.501072 -0.0145042 -0.57574 0.281667 -0.31807 -0.296142 -0.202251 0.245936 0.370701 0.450195 -0.141894 0.0529077 0.336197 0.573154 -0.0165688 4.32195 0.906427 0.24612 -0.578632 0.667158 4.94292 3.62572 -0.0271656 0.0790952 0.173988 0.623412 0.330274 0.338815 0.891721 0.743672 0.0872881 0.339563 -1.01279 0.765845 0.223973 
0.536905 -0.0667879 7.72558 0.811319 0.952538 -1.12477 -0.00181943 0.829618 -0.323505 0.360131 0.687831 -0.32321 0.73531 0.393795 -0.93346 4.82778 0.123521 0.693074 -0.690804 1.51213 0.558932 -0.215935 0.281555 0.76278 1.30899 -0.225799 -0.995427 -0.252224 0.249416 0.949056 0.509548 -0.234913 0.491513 -0.709431 0.0037974 -0.866656 -0.424339 0.31881 1.03407 -0.15376 0.312487 -0.177655 0.378151 -0.878518 5.41664 0.913719 -0.479533 -1.12724 0.519639 5.73898 5.46132 0.350902 -0.165087 0.0135962 -0.131687 0.205139 0.868757 1.04732 1.11131 -0.106651 0.334558 -0.912992 0.52592 0.146737 
0.703604 0.244644 6.74904 1.13351 0.700461 -0.78006 0.342245 1.07653 -0.0639288 1.01203 0.998814 0.0905181 1.02326 -0.107154 -0.13327 3.81859 0.185433 -0.833762 -0.709907 0.569061 0.877852 0.0567293 -0.20928 0.600785 1.52531 -0.375746 -0.693571 0.409285 -0.318357 0.530759 0.407411 0.185274 -0.16458 -0.796281 0.00403812 -0.317368 0.515668 0.565567 0.986257 0.0942583 0.458895 0.0729326 0.492481 -0.698004 4.32816 0.439273 -0.313965 -0.831236 1.02722 4.70992 3.89663 0.604569 0.0775665 0.549265 0.112676 -0.155763 0.749465 1.17422 0.854123 0.0297896 -0.245969 -0.581293 1.13329 -0.00166798 
0.895933 -0.0969644 6.84108 1.3026 0.733171 -0.976026 0.270912 1.0017 0.025116 0.625902 0.657606 0.160649 1.10735 -0.0333427 0.234696 4.18072 -0.288303 -0.889003 -0.337852 1.14406 1.0533 -0.0348302 0.382065 0.966108 1.03302 -1.53381 -0.0626159 0.957484 -0.40463 1.29786 0.279795 0.416322 -0.348547 -1.02632 0.0766729 -0.501703 -0.783188 -0.256818 1.31169 0.00204247 0.467611 0.134674 0.632719 -0.530689 4.49712 1.1803 -0.107493 0.469835 0.738083 4.531 4.01805 0.328956 0.153745 -0.00704871 0.390634 -1.13751 1.01065 1.13681 1.40224 -0.0364484 -0.205993 -0.433378 1.1918 -0.149722 
1.16058 -0.177985 6.15505 0.821832 1.13916 -1.36782 -0.0468845 0.756998 0.173955 0.774899 0.935697 -0.361146 1.22234 -0.10334 -0.192793 4.04818 0.220647 -0.455964 -0.32605 1.00176 1.10588 -0.00590171 0.145738 0.967579 0.763321 -2.25365 -0.638384 0.161611 -0.6229 0.495362 1.05765 -0.429096 -0.158777 -1.51768 0.246319 -0.0970046 -1.23908 -0.407745 0.763755 -0.132485 0.559841 0.783215 0.890389 -0.618924 4.94967 0.756602 -0.266492 0.236169 0.902609 4.55363 4.23539 0.249701 0.592495 0.365663 -0.398589 -0.706725 1.11922 0.717697 1.02971 -0.260661 -0.52208 -1.1613 1.27526 -0.0931617 
1.11122 -0.224401 9.96847 1.54859 1.64046 -0.880507 0.722992 1.67745 0.498882 1.16635 1.61516 -0.388262 0.884563 -0.0413762 -0.0416141 5.96398 -0.373966 -0.360459 0.0631056 1.75012 1.49513 0.108026 -0.351201 2.20448 1.69584 -1.02609 0.110285 0.798874 -0.290168 1.75485 1.19194 0.0243534 -0.742507 -0.925046 -0.20662 0.0303401 0.190597 -0.0841385 1.90872 0.0820462 0.844935 0.788761 1.21658 -0.158962 7.10854 1.35881 0.0494611 0.0262336 1.22212 7.02638 6.23416 1.54474 0.833219 0.989493 -0.610108 -0.401718 1.45111 1.52807 2.23853 0.167892 -0.117594 0.00396769 1.82781 -0.403467 
1.05018 0.182405 0.502511 0.72856 1.01469 0.676098 0.843192 1.4463 -0.161752 1.07663 1.14001 0.188626 1.01472 0.381647 0.766452 -0.362454 0.0485155 0.6659 0.875598 0.895648 0.633241 0.341825 0.119057 1.58528 1.517 1.00946 0.788897 1.5445 0.663067 1.33563 0.708338 -0.0258775 0.390332 0.947247 -0.0587081 0.803458 0.463451 -0.00965471 1.15754 0.106217 1.52826 1.42722 1.08448 0.698928 0.161888 1.21756 0.11028 0.726636 1.24463 0.0959255 -0.105195 0.871475 1.22129 1.31668 0.128776 0.315517 0.842013 1.06271 1.13706 0.337909 0.509823 0.722288 0.932438 0.688324 
0.322597 0.333986 1.09904 1.44844 0.934792 0.325708 0.748176 0.736515 0.659545 0.539192 0.721342 -0.256324 0.782551 0.603846 0.464584 0.544272 0.238211 1.13907 0.428609 0.314678 0.782959 0.456933 -0.148602 1.32667 0.69782 0.898416 0.585085 1.04279 0.29059 0.595683 0.875043 0.478585 0.558909 0.216648 -0.281177 0.274201 0.212214 0.160881 0.754972 0.286015 0.501505 0.896796 0.718667 0.152727 0.817963 0.474488 0.129465 0.206857 0.97505 0.525324 0.805867 0.870495 0.882159 1.01144 0.357951 0.584364 1.15309 0.711411 0.704654 -0.153474 0.27154 0.360808 0.937836 -0.0834025 
2.81569 0.760851 -0.305965 2.18928 2.7349 0.965777 2.3887 2.34859 0.268701 2.45804 2.19481 0.468148 2.5209 0.397336 1.81729 -0.916394 0.0644481 0.27442 2.48426 0.475715 2.25486 0.00329606 0.388165 2.47996 2.65372 0.801598 2.55894 0.354436 0.807348 2.50908 2.81413 0.244881 0.594661 1.74759 0.0871765 2.593 0.47109 0.0679844 2.52908 0.713725 2.32016 2.3799 2.40164 2.73339 -0.828267 2.69441 0.350689 0.30156 2.95595 -1.27682 -0.677466 2.26087 1.81751 2.75032 -0.480772 0.392568 2.77811 2.47103 2.70252 0.158286 0.305229 0.896925 2.3736 -0.087737 
2.12314 0.384733 -0.905164 1.98501 2.0383 1.6557 2.33871 2.09135 0.201032 2.07424 1.5147 0.2771 2.48374 -0.0315416 2.33626 -1.60505 0.212923 1.01097 3.19482 0.868472 1.94059 2.45963 0.522453 1.48285 2.21982 1.1615 2.92263 1.36151 -0.264199 1.84332 2.46494 0.669546 0.528889 1.73062 0.179443 1.97334 0.0375639 0.25221 2.09537 0.381662 2.57052 2.35525 2.31849 2.71986 -1.04446 2.33289 0.319951 -0.0489097 2.45905 -1.06185 -1.39586 2.24946 2.58456 2.40493 -0.553339 0.470141 2.17104 2.03216 1.83693 0.111045 0.643837 1.68034 2.32305 0.0590967 
2.04604 0.628867 0.0570072 1.80645 2.36684 1.73667 2.14318 1.919 0.321948 1.98537 1.77695 0.421012 2.18849 0.395227 2.13071 -0.636895 0.0584643 2.49081 1.98233 0.773392 1.77874 1.44024 0.401611 1.95477 2.23063 0.594215 1.8764 2.32428 2.9444 2.20154 2.19202 0.139628 0.234296 1.25481 -0.140807 1.78053 0.577032 0.584123 1.80256 0.45183 1.99775 1.82254 1.56281 1.35352 -0.535635 2.01118 0.288774 2.21952 1.81211 -0.16533 -0.265312 1.62186 1.82884 1.74167 -0.109365 0.436088 2.15626 1.79539 2.2782 0.949899 -0.0506731 2.2967 2.21259 0.315265 
2.3872 0.284181 0.416574 1.87226 2.20784 1.55944 2.05017 1.85718 0.473582 1.94152 1.6312 0.279158 2.23896 0.240526 1.74988 -0.306669 0.25159 2.35317 1.87182 0.732481 1.8359 0.0639041 0.53533 2.25316 2.31823 1.40325 1.4644 2.20777 0.426628 2.32772 2.09833 0.0912359 2.06045 1.17658 0.724145 2.13492 0.394279 0.575643 1.69874 0.63072 1.42489 1.75019 2.51321 1.7413 -0.487564 2.05735 0.0961593 1.6088 2.44865 -0.111379 -0.300051 2.4233 1.98759 2.12845 -0.372351 0.250264 1.8373 2.07093 2.07635 -0.215961 0.446248 2.47387 2.15092 0.645854 
2.17778 0.772789 -0.1364 2.39829 2.06509 1.63477 2.4981 2.32662 0.223632 2.38404 1.64433 0.363854 2.28186 0.21123 2.19813 -0.998423 0.320364 1.37432 2.35645 0.706269 2.2104 1.07482 0.449244 2.14847 2.15481 0.681011 2.57289 0.622452 0.232932 2.35866 2.1902 0.328388 0.668539 1.65195 0.859629 2.6013 0.338721 0.223895 2.44663 0.786033 2.35522 2.98928 2.12154 1.98471 -0.760338 1.85114 0.654861 0.505734 2.38422 -0.869825 -1.3785 1.79425 2.24781 1.92709 0.0667449 0.460568 2.54776 2.30926 1.74311 0.228561 0.492316 2.23642 2.10666 0.483275 
2.56396 -0.0331305 -0.929353 1.8261 2.06062 2.68824 2.65032 2.24414 -0.169533 2.69797 1.51908 0.215989 2.2905 -0.0457746 2.44389 -1.39459 0.122872 1.24135 2.60771 0.551587 2.3569 -0.081627 0.377988 1.944 1.80498 0.697417 3.09012 1.44732 0.883578 2.58008 2.20685 0.182887 0.14226 1.78675 0.0476391 2.40492 0.562653 0.171773 2.35841 -0.144957 2.99865 2.54126 2.37527 3.00251 -1.79014 2.91235 0.14287 0.715973 2.48698 -1.62711 -1.37568 2.30683 2.84246 2.63845 -0.626296 0.571211 2.55778 2.11785 2.34671 0.295467 0.405484 2.61517 2.12673 -0.182148 
2.24511 0.486453 0.910707 2.57535 2.2736 1.69669 2.24787 1.90042 -0.236046 2.51467 2.23297 0.473446 2.30558 0.798094 2.21717 0.427622 -0.0667602 -0.34191 1.60954 0.98675 2.64901 1.3475 0.276082 2.36637 2.46483 0.751087 2.06244 2.24996 0.639663 2.30514 2.10665 0.526053 -0.0733262 1.26056 0.133926 2.10962 0.626687 0.215604 2.71704 0.273313 2.32714 2.30329 2.16096 1.46898 0.29497 2.27582 -0.139992 2.50868 2.41878 0.166977 0.509047 2.59057 2.05689 2.79712 0.177974 0.289436 1.97971 2.77959 2.29256 1.04601 0.617614 1.92871 2.47456 0.387085 
0.306382 -0.217754 2.1871 0.71182 0.188249 -0.146714 -0.365637 0.987979 -0.0488797 0.0890017 0.859616 -0.0566432 -0.0740087 -0.0277966 0.157834 1.5262 -0.718907 0.268706 0.289496 0.27642 0.401361 -0.260136 0.0829307 0.192686 0.637008 0.287878 -0.457655 -0.32724 -0.0671062 0.257375 0.183383 0.0304687 -0.0307946 0.123995 -0.0856687 0.069454 0.43538 0.327612 0.288408 0.103949 0.0652043 -0.0398445 -0.181058 -0.116217 1.54758 -0.00466197 0.0308082 -0.0285309 0.312864 1.51175 1.42299 0.691728 0.291878 0.584571 0.183988 -0.625093 0.611107 0.719624 0.170281 0.287074 -0.0126746 0.180918 0.527295 -0.0385218 
0.469383 -0.211784 7.28724 0.783947 1.23713 -1.15417 0.167307 0.154118 0.415434 0.339365 0.817909 -0.667372 0.409753 0.206431 -0.259687 4.23926 -0.0198877 -0.322403 -0.669968 0.794983 0.779413 -0.120671 0.157718 0.886114 0.547693 -0.937919 -0.291443 0.215664 -0.44095 0.655189 0.694869 0.0931321 -0.332714 -0.63914 -0.273326 -0.599646 -0.293197 -0.380182 0.3799 -0.365388 0.343166 0.411703 0.40022 -0.958119 5.1196 0.730389 0.278017 -0.196715 0.279904 4.77178 4.51325 0.493268 -0.19973 0.176871 0.193355 -0.492964 0.937242 0.625623 0.67697 0.0414499 -0.434422 -0.65804 0.415485 0.358041 
0.639815 -0.0761133 7.54532 1.31946 1.5452 -0.15594 0.565381 1.08644 -0.213366 1.47676 1.16763 -0.147738 1.55754 -0.507651 0.490215 4.42225 -0.247954 0.415558 0.197712 0.296761 1.06119 0.192051 -0.0732297 1.18794 1.45997 -0.115076 0.202975 0.709393 0.171038 1.72041 1.08249 -0.178096 0.270331 -0.791904 -0.152735 0.6472 -0.526999 -0.898809 0.957302 -0.185376 1.34838 0.717265 1.29989 0.546058 4.92417 1.14862 -0.00170945 -0.268418 0.884809 4.85146 4.68316 1.01418 0.447849 1.21217 0.252799 0.112126 1.21784 1.58904 0.740602 -0.207165 -0.386608 0.136175 1.16472 0.136461 
-0.473625 0.0746799 0.326566 -0.155129 0.341016 -0.233397 -0.355001 0.0976283 0.0902977 0.118493 0.523751 -0.0699765 0.49998 0.058603 0.203268 0.130321 0.219379 -0.303547 0.709706 0.0766231 -0.264249 0.337554 0.206213 -0.38196 -0.0933805 0.276848 0.22818 0.0354526 -0.207791 -0.381628 -0.25754 0.150871 0.0467967 0.0543035 0.172306 -0.0532886 -0.0300843 0.260378 -0.682317 0.337364 -0.0209804 0.142109 0.023859 0.160873 -0.240626 0.152797 -0.0598334 -0.168899 0.498861 -0.173501 -0.184235 0.340114 -0.167231 0.150188 -0.384399 0.242957 0.305523 0.147756 -0.451153 0.0846159 -0.205148 -0.385376 -0.38481 0.0575443 
0.529152 -0.0854796 -0.10799 -0.130784 -0.267644 0.35073 -0.0848494 -0.296948 0.0241659 0.0660078 -0.100454 0.20226 -0.180429 -0.553365 -0.198114 0.159823 0.293542 0.124936 -0.0920515 -0.306022 0.467026 0.268831 0.44743 0.275887 0.108195 -0.292419 0.521769 -0.167658 0.18501 0.16263 -0.166756 0.0107275 -0.182898 0.212624 0.232481 -0.390304 -0.302653 0.388054 0.274528 0.0833253 0.2621 0.127461 0.0406711 0.0243842 0.196934 0.0583627 -0.0925336 0.0935312 0.22973 -0.265719 0.0460618 -0.130671 0.142566 0.502902 -0.21118 -0.0498423 -0.197477 0.0221708 -0.000228049 0.116579 0.233778 0.507788 0.0917271 0.235526 
0.234001 0.161894 0.0128361 -0.0507467 0.184619 0.427099 0.15833 -0.232878 0.10267 0.329369 -0.165067 0.0588364 -0.438492 -0.122411 0.169609 -0.183314 0.149629 -0.377779 0.019252 0.0722195 0.212723 0.242956 -0.0937046 -0.00765927 -0.239041 -0.524483 0.166847 -0.0222292 -0.281494 -0.197258 -0.57109 -0.296748 0.120259 0.293504 -0.17241 -0.0447208 -0.184127 0.13937 0.0283061 0.377389 -0.0100092 -0.123161 0.132251 0.0501115 -0.121811 -0.22149 -0.226005 0.13517 0.204027 -0.170186 -0.130144 1.02983 -0.359284 -0.338805 0.0185646 0.286389 0.0734024 0.108569 -0.298102 -0.0191849 0.10591 -0.357812 0.119642 -0.12954 
-0.202551 0.227022 0.00901559 0.056951 -0.18713 -0.372202 0.244617 -0.400158 0.183268 0.724292 -0.630452 0.376252 0.0248545 -0.150473 -0.262006 0.14477 0.25702 0.238705 0.0348087 -0.204693 0.286771 0.0755537 -0.287619 0.123736 -0.432156 -0.460257 -0.205629 0.0151793 0.458748 -0.181447 0.101729 0.543355 -0.127194 0.432413 0.249695 0.0152828 -0.0120648 0.156072 0.096308 -0.0460461 0.0871422 0.13033 0.0964112 0.164113 0.389491 0.471955 -0.306564 -0.0400058 -0.121415 -0.0145285 0.22572 0.594535 0.166705 0.2282 0.0377505 -0.860355 0.0467204 -0.0794349 0.265452 0.121988 -0.0524655 0.0442505 -0.212032 -0.292816 
2.57913 -0.826227 9.93624 2.54587 2.40613 2.5235 3.11305 2.28282 -0.780329 2.50595 1.78119 -0.451082 2.33364 -1.05851 2.8173 7.28195 -0.71949 0.647011 3.55544 -0.0875932 2.30409 -0.148215 -0.496604 2.28966 2.41054 0.546319 3.76813 0.719001 -0.0490543 2.30399 2.54639 -0.757711 -0.391587 -0.23074 -0.814362 2.89967 -0.236971 -0.398961 2.47317 -0.838213 2.68579 3.0416 2.61204 3.35803 8.90395 2.5407 -0.498766 1.06993 2.51663 8.71759 7.53481 2.87231 3.06891 3.05576 -1.26579 -0.265889 2.40419 2.47965 2.37909 -1.01983 -0.433669 3.16141 2.46401 -0.907651 
-1.25087 
-9.98979 
0.98223 
-1.57823 
-1.47166 
-2.18551 
-0.991639 
-1.29381 
-9.98666 
-1.27239 
-1.68199 
-9.99222 
-1.36998 
-9.97477 
-0.90021 
1.26816 
-9.98837 
-1.70274 
-1.23896 
-9.89906 
-1.39881 
-1.22551 
-10 
-1.51576 
-1.47356 
-4.32816 
-1.25484 
-2.31291 
-3.4237 
-1.41143 
-1.22334 
-9.9926 
-6.33648 
-1.33075 
-9.97281 
-0.939004 
-9.99861 
-9.99811 
-1.43009 
-9.98886 
-1.13343 
-1.07111 
-1.21729 
-1.08939 
1.18838 
-1.29011 
-9.39823 
-1.0048 
-1.2851 
1.16719 
1.23494 
-1.21735 
-1.00074 
-1.07398 
-9.97139 
-10 
-1.44811 
-1.32741 
-1.5597 
-9.98518 
-10 
-1.48478 
-1.32064 
-9.98578 
1.56285 

# Training State Metadata
FILENAME tetris_model_best_20260905_214244_score4400.txt
EPSILON 0.673013
EPSILON_MIN 0.05
EPSILON_DECAY 0.995
LEARNING_RATE 0.0015
GAMMA 0.99
TRAINING_EPISODES 3545
TOTAL_GAMES 80
BEST_SCORE 4400
AVERAGE_SCORE 508.861
PREVIOUS_AVG_SCORE 508.861
