# Neural Network Model File
# Saved: 2026-09-06 15:45:10
# Filename: tetris_model_best_20260906_score216400.txt
#
-1.80513 0.351874 9.87518 0.188943 0.685618 -1.62504 -0.882438 -1.84063 -0.922676 -0.541998 0.49212 0.399569 -1.12595 0.207108 1.23324 9.75717 0.444083 -0.896965 -1.15857 7.50764 -0.757199 -0.727094 -1.96183 -0.15167 -0.836594 -1.08821 -0.387242 4.6445 -0.933636 0.315723 -0.7775 0.0454729 0.229638 -4.46235 0.269832 -1.15811 -0.142424 0.499219 -1.11777 0.579722 -0.672534 -1.20995 -1.47912 -1.46633 9.7827 -1.16899 -0.427919 -1.45147 -0.780346 9.79009 9.76873 -0.982214 0.571614 -0.646053 0.707197 0.763974 -0.775539 -1.18599 -0.489201 -0.154176 -0.53087 -0.403244 -0.502615 0.232375 
-0.765189 -0.13904 9.94397 0.400647 0.269231 -0.0616439 -1.41071 -1.2764 -0.596159 0.104159 0.831164 0.307648 0.108605 -0.0705474 1.72452 9.84174 0.184375 -1.34532 -0.0494802 7.7745 -0.348772 0.342188 -0.362382 0.282648 -0.0776639 -0.0197372 -0.569092 5.27985 -0.941908 0.813623 -0.190245 0.0555328 0.685 -3.7003 0.115807 -0.457014 0.129353 -0.573851 0.276448 -0.0434689 -0.344361 -1.3584 -0.120465 -0.714878 9.86292 -0.0428086 0.704526 0.772328 -0.204104 9.86916 9.85139 0.727592 0.738513 -0.272535 0.782695 0.915937 0.199884 -1.27291 0.499839 -0.334591 0.40489 0.465313 1.70214 0.403593 
0.668396 -0.0781055 9.77585 0.46824 -0.0883921 0.642506 0.45531 -0.358977 -0.558944 1.45182 0.433766 -0.421526 0.173578 -0.162586 1.15008 9.7143 -0.12214 0.083846 -0.761438 5.05226 -0.0878137 -0.0263233 -1.07901 -0.268636 0.215035 0.964108 -1.17458 3.05476 -0.279451 0.931049 -1.51521 -0.300912 -0.981109 -2.88827 0.0992359 -0.305958 -0.837537 -0.589706 0.685496 -0.098696 0.744959 0.924475 -0.0252432 -0.263918 9.73293 0.221534 -0.850923 0.254241 -0.549371 9.73901 9.72248 -0.55706 0.197177 -0.656017 0.210169 -1.02764 0.322077 0.396375 -0.320258 -0.665292 -1.95243 0.595974 0.0500222 -0.503471 
0.8934 0.0639051 9.63194 0.885095 -0.379671 0.544073 1.16888 -0.433016 -0.0190632 0.767717 0.778006 0.0668639 -0.963411 0.194505 1.31267 9.62367 0.0996589 0.290089 -0.557238 5.90023 -0.442078 -0.332877 -0.0502599 -0.669694 -1.29031 1.08444 -0.557162 3.62064 -0.409187 -1.08984 -0.530059 -0.206219 0.103084 -3.03128 -0.0710082 -0.887854 0.0704263 -0.45954 -0.116079 0.0545839 0.172644 0.475784 -0.829447 -0.870858 9.64482 -0.542167 0.0898955 0.0257666 -0.584397 9.65148 9.63337 -0.630106 0.510851 -0.94067 0.527063 -0.492833 -0.24465 -0.0345494 -0.603936 -0.723934 -0.941218 -0.134841 -0.162616 -0.0697713 
0.9212 0.122041 9.63945 -0.548057 -1.20172 -0.749109 0.403964 -0.906074 -0.673565 0.0633054 -0.520517 0.634065 0.100108 0.164171 0.635228 9.62181 0.13979 0.443181 -0.561556 5.88131 -0.771668 0.519638 0.107769 -0.631713 -1.40333 0.672047 0.418642 2.77319 0.537267 -0.928128 0.278759 0.702409 0.395518 -3.43213 0.0426265 -0.686712 0.105635 0.321363 -0.254195 -0.0117165 -0.120476 1.26929 -0.187208 -0.330498 9.64446 -0.443669 -0.394915 -0.437002 -0.949406 9.65167 9.63211 -0.31233 0.199144 -0.396144 0.114159 0.120648 -0.262277 -0.453837 -0.500756 -0.367996 -0.973203 -0.509244 -0.495101 0.194555 
0.145809 -0.134829 9.67487 0.372328 -1.20333 0.195525 0.284831 -0.830619 -0.043459 -0.367551 0.195705 -0.295736 -0.484921 -0.0631076 1.60832 9.63207 -0.0321863 0.396581 -0.404431 6.08568 -0.503845 -0.13977 -0.528469 -0.665838 -1.13336 0.280018 -0.380159 3.46304 -0.421177 -1.03514 -0.724484 -0.320624 -0.327907 -2.84411 -0.177575 -0.32972 -0.297173 0.38574 -0.476725 -0.0138558 -0.349952 0.386889 -0.365207 -0.195187 9.65273 0.273719 0.49474 -0.0858592 -0.572853 9.65989 9.6412 -0.542435 0.455256 -0.61314 0.241825 0.121223 -0.791035 -0.0411344 -0.514374 0.0196382 0.366124 -1.14002 -0.101888 0.124572 
0.473964 0.00402903 9.70306 0.427216 -0.626656 0.23425 0.125754 -0.331554 -0.582577 -0.14502 0.79253 -0.132607 0.053299 0.246874 0.531677 9.68459 0.0445122 1.24811 -0.742208 6.49354 -0.54832 -0.108189 1.27328 -0.399475 -0.00608656 0.973188 -0.0676867 2.94725 0.103398 -0.380438 0.0621923 -0.0929664 -0.11346 -3.06726 0.0988958 -0.542508 0.125892 0.233119 0.0671817 -0.0335086 0.447512 -0.202719 -0.48723 -0.572491 9.70373 0.197613 -0.123685 -0.471265 -0.92837 9.71035 9.69288 0.0233395 -0.0950228 -0.636499 -0.0593747 0.162411 -0.0470721 -0.120792 -0.118107 -0.468536 0.895678 -0.830883 -0.400997 -0.0902912 
-0.0203235 0.045768 9.91819 1.15861 -0.128809 0.390615 0.284444 0.0880167 0.0458367 -0.754954 1.47817 0.274321 0.0136809 -0.118432 1.80057 9.52478 0.145753 0.0475638 -0.719218 5.74108 -0.226922 -0.0282692 0.697011 -0.395683 0.300672 0.0164539 -0.613504 3.65294 -0.0798027 -0.70511 -1.09504 0.14944 -0.695976 -2.99877 0.0218431 -0.00212778 1.95788 0.464021 -0.176783 0.063504 0.608408 -0.227401 -0.681643 -0.137116 9.90773 -0.176589 -0.436252 0.396291 -0.269687 9.91258 9.89995 -0.0313833 0.591261 0.0336833 0.395568 0.0835497 -0.180408 0.12505 0.0368384 0.346734 0.658072 -0.69708 -0.429707 -0.0766802 
0.915311 0.0279833 9.81773 0.545545 -0.778649 -0.388423 -0.0871405 -0.0328726 0.056747 -0.540642 0.310739 0.0640103 0.387583 -0.0300513 1.7749 9.79078 -0.261111 -0.751114 -0.0365272 6.1659 0.167809 0.13599 1.65495 0.0146323 0.156987 -2.01508 -0.0675766 3.97265 -0.77625 0.672396 0.727551 0.34246 -0.209127 -3.39447 0.0266349 -0.053434 -0.445095 -0.315936 0.23489 -0.00953355 -0.26785 -0.880543 0.923143 0.114353 9.80703 0.362426 0.188111 -0.347648 -0.211767 9.81194 9.79834 -0.134006 0.198966 -0.907682 0.493269 -1.42758 0.061426 0.217945 -0.0113195 0.243183 0.500447 0.0979293 0.458528 -0.181885 
-0.926094 -0.0631501 9.8599 -0.0851695 0.505914 -1.90952 -2.11972 -0.888878 0.507766 -1.12104 0.726863 -0.329862 -0.351551 0.0119872 1.43636 9.73448 0.290681 -0.79203 -0.891322 6.41041 -0.481514 -0.550221 -0.47265 -0.12761 -0.849425 -2.38121 -1.29369 3.1682 -0.330404 -0.839712 0.363513 -0.344485 0.181137 -4.15822 0.302961 -0.495421 -2.14059 0.0162918 -0.740718 0.00593914 -0.881045 -0.410674 -0.209428 -0.771709 9.76012 -0.889977 -0.162684 -0.640669 -0.901567 9.76768 9.74641 -0.679599 0.482298 -0.666643 0.128753 -0.596602 -0.306041 -0.705931 -0.390596 0.259794 0.0316991 -1.56929 -0.906021 0.15273 
-0.37333 0.147258 9.84084 2.80033 -0.505926 -0.143462 -0.358981 0.124259 0.482098 -0.109048 3.43105 0.0211439 -0.557143 0.481789 4.19379 9.74821 0.0571514 -0.521185 -0.541813 9.14997 -0.00457666 0.174211 -0.684151 1.03435 -0.0860237 -0.867313 -0.183074 6.40905 -0.0496518 -0.169203 -0.910985 0.449585 -0.877794 -4.24969 0.287456 -0.71315 0.281654 0.317416 0.155756 0.511364 -0.54795 -1.17922 -0.633679 -0.862112 9.77609 -0.137767 0.0369397 0.522471 -0.430978 9.78432 9.76098 0.015753 2.76217 -0.210256 0.711846 -0.439473 -0.400188 0.0948013 1.33038 0.895853 -0.162139 -0.392218 0.00453333 -0.0904867 
4.92029 1.53162 -2.17226 6.59981 4.5744 2.63956 3.16154 3.2554 1.25848 4.17253 7.16003 1.59427 3.64159 1.61004 7.26476 -5.86367 1.27129 2.43614 4.649 8.01315 2.71913 1.95156 2.32086 4.26544 4.09862 3.14547 6.05102 8.35551 2.87143 4.38187 5.41957 1.20493 2.37225 1.79784 1.19443 4.53596 2.42788 1.24532 3.84192 1.35436 5.23885 5.83031 5.02961 5.07575 -4.9617 3.6092 1.66965 3.68339 3.22733 -4.90045 -5.44312 4.31828 7.49742 4.8959 2.56951 2.1965 3.85391 3.04966 4.83083 1.81137 2.24413 4.06374 4.68567 1.93313 
2.33205 1.11338 2.25648 5.42147 2.47824 1.12535 1.8953 1.78625 1.40776 2.27269 4.79709 0.59242 2.25303 1.42681 4.5695 -1.96632 1.05704 1.97876 2.53395 5.07525 2.00693 1.42263 0.808282 3.06419 1.95075 1.65723 3.25748 5.40013 1.44006 1.80393 2.98935 1.20907 1.89229 0.271469 0.507986 2.27344 1.08462 0.952425 2.25904 1.03275 2.4402 3.11811 2.65975 2.25758 -1.19278 1.83826 0.989232 2.11771 1.84149 -1.31895 -1.48885 2.71038 4.7189 2.9868 2.03073 1.26772 2.84629 1.85765 2.97408 0.811316 0.971483 2.21859 2.89088 0.694075 
1.30079 0.401862 7.77945 1.1203 3.1663 1.47318 1.80916 2.30029 1.09863 1.32068 1.28395 0.0987142 1.95954 0.128339 1.13188 2.04391 -0.207555 0.143799 2.08958 -0.220283 2.31852 -0.179071 0.166482 2.31047 2.15745 0.335601 2.00044 0.126437 0.472256 1.62903 2.1082 -0.000781077 0.619286 0.282901 -0.0862071 1.76468 0.251804 -0.129293 1.7907 0.223527 2.31195 2.58189 1.14256 1.76677 2.74191 1.84728 -0.00419091 -0.117725 2.01303 2.50101 2.53497 1.53766 1.00063 2.08148 -0.781861 0.607127 2.33671 2.42832 2.53127 -0.0511391 0.00882029 0.74687 0.810147 -0.279331 
2.18085 0.306346 9.87019 0.140333 1.73167 1.06338 1.61721 1.66424 -0.112046 2.04774 -0.525504 0.124715 1.8357 -0.0620461 -0.094104 4.4255 -0.0959671 1.15421 2.17123 0.900138 1.78054 1.1904 0.55515 1.31586 1.8874 0.577091 1.94079 0.285725 -0.288584 2.16034 3.03254 0.13612 0.399157 0.0820725 0.0639409 1.67196 0.00424601 0.130728 1.77048 0.240036 1.70001 1.71529 1.96586 2.52053 6.4054 2.22324 0.396954 -0.182969 2.23029 6.84328 5.25552 1.79761 -0.0563082 1.97265 -1.01373 -0.16381 2.2908 1.88207 1.28496 0.0970418 1.12627 1.39542 2.46995 -0.0246443 
1.84957 0.42145 8.8946 0.0831663 2.40375 1.24333 1.49813 1.33673 0.181449 2.04917 -0.10159 0.252677 1.77602 0.124491 0.398379 2.70783 -0.0796939 1.16448 2.04871 0.39749 1.04746 0.953308 0.22245 1.60416 2.28553 0.418492 2.23209 1.54379 2.06157 2.53046 2.23127 0.0399769 0.213074 -0.119022 -0.216561 2.06542 0.633235 0.220379 1.60893 0.269779 1.4223 1.47559 2.2474 1.65392 3.42946 1.36032 -0.0879114 2.05271 1.07379 4.02745 3.34727 0.821923 0.661801 0.979281 -0.857134 0.538827 1.81102 1.25891 1.45912 0.998154 -0.193868 2.08178 2.14239 0.119802 
2.11556 0.0912954 9.97656 0.956609 2.00528 0.881431 1.31456 1.31199 -0.0874238 2.07493 0.955886 0.0673976 2.03414 -0.0273018 1.15137 3.90194 -0.0910849 1.14235 1.81028 0.0351046 1.31075 0.0641744 0.664097 2.01194 2.13097 1.03092 2.86403 1.16066 0.482873 2.15212 1.43822 -0.0890769 1.65956 -0.0750655 0.136063 1.80986 0.1707 0.16401 1.29211 0.223924 1.57328 1.50416 2.02091 1.66639 4.83262 1.36991 -0.215063 1.34864 1.9694 5.58607 4.37611 2.93018 0.463676 2.34478 -1.38784 0.511811 1.34428 1.5572 1.92308 -0.355412 -0.192934 2.21093 1.94227 0.172389 
2.16199 0.383078 9.99971 1.31304 1.56022 1.03744 1.62273 1.98383 0.305149 2.05252 0.61806 0.111868 2.15402 -0.0445676 0.865436 4.47703 -0.108932 1.37293 1.84737 0.184616 1.99418 0.979863 0.846011 1.42046 1.67981 1.03034 2.07942 -0.0936148 0.293762 2.78363 2.42614 0.112677 0.3778 0.0760682 0.130306 1.76695 0.258445 0.0179505 1.88829 0.257263 2.10194 1.56465 2.06135 1.5725 5.89513 1.76128 0.373511 -0.208094 2.27901 6.14609 4.61924 1.68453 0.467095 1.72283 -0.90934 0.374791 1.96822 1.82818 1.39841 0.0225204 0.85951 1.93555 1.99847 0.143416 
2.16159 -0.235554 5.94067 0.729714 1.52636 0.839527 2.07489 1.82498 -0.425899 1.42408 0.249992 0.140593 1.77881 -0.282313 1.51099 1.75371 -0.145008 0.873872 1.39188 -0.460099 2.09954 0.0594129 0.666077 2.04538 1.72023 0.347714 1.73403 0.142328 0.0472915 1.38116 1.57443 -0.0371325 -0.0465413 0.521733 -0.166159 1.52922 0.795703 -0.103831 2.36674 -0.364755 3.04611 2.51026 1.65025 1.99843 1.8401 2.04536 -0.0787705 -0.0146043 2.40143 2.16756 1.99293 1.62851 1.69134 2.27063 -0.72884 0.0767389 2.4017 1.81646 2.17579 0.0333333 0.515432 1.9627 1.80223 -0.402055 
1.78853 0.186744 9.94001 0.0961069 2.39833 0.919564 1.87785 1.60516 -0.397568 2.34049 -0.348146 0.188733 1.93412 0.111091 0.44829 5.01596 -0.189744 -0.400617 1.34115 0.563253 2.22458 1.04602 -0.128467 2.16256 2.16717 0.386905 2.19218 0.855823 0.443633 1.94287 1.12751 0.0703432 -0.287203 -0.0728348 -0.0155421 2.13135 0.179885 0.134281 2.01834 0.147768 2.13065 2.32039 1.00132 1.79567 5.68888 1.97625 -0.280477 2.01698 2.21199 5.83381 5.44249 1.8711 -0.168621 2.87282 -0.474916 0.478477 1.1973 1.83455 1.47998 0.22868 0.208765 1.24883 1.71313 0.0954193 
1.86149 -0.4106 9.08725 1.02147 -2.9286 0.186767 0.398738 0.590526 -0.591254 1.29362 1.30558 -0.456593 0.110496 -0.112886 0.0165345 3.38703 -0.672345 0.417978 0.211243 1.28254 -0.156546 -0.0757917 1.55604 -0.826192 -0.627543 0.0460271 -0.716973 0.149587 -0.763756 -1.0358 0.010857 -0.149266 0.102058 -0.727671 -0.155643 0.120835 0.905996 0.101618 -0.168577 -0.0489202 -0.168864 -0.129133 1.01664 -0.682405 4.05379 0.0311784 0.511361 0.58558 -0.513443 4.23523 3.56278 0.486089 0.25731 -0.404383 0.414259 -2.07802 -0.115491 0.127245 -1.10458 -0.0268209 -8.23212e-05 0.466442 2.73323 -0.134942 
-0.127747 -0.202813 9.78454 0.115795 0.176517 -0.537013 -0.081498 -1.12948 0.234661 -0.42566 0.655087 -0.62846 -0.50896 0.231995 1.41572 9.72947 -0.0268938 -0.212786 -0.826743 6.04153 -0.367102 -0.159931 0.140174 -0.133026 -0.624266 -0.499685 -0.304306 3.30881 -0.687411 -0.314892 0.032856 0.152221 -0.49597 -3.07935 -0.207309 -0.684579 -0.203128 -0.332235 -0.661115 -0.30382 -0.104216 -0.0858077 -0.473754 -0.934936 9.74992 -0.193369 0.297623 -0.200935 -1.01584 9.75639 9.73869 -0.220616 0.0836028 -0.627794 0.447783 -0.427846 -0.102393 -0.471699 -0.542802 -0.0435442 -0.482518 -0.636352 -0.453355 0.369993 
0.0158589 0.0134744 9.93339 1.72316 -1.11291 0.233597 0.331736 0.34344 -0.674745 1.22369 1.72891 -0.0767017 1.11463 -0.255285 2.02675 9.52115 0.0339335 0.00628563 0.716626 4.53618 0.139661 0.135686 -0.743675 0.768353 0.268088 -0.672308 -0.0369148 3.19606 0.239668 0.481337 -0.0204706 -0.195656 0.809673 -3.3337 0.0321616 0.920271 -1.05987 -0.923893 0.14237 -0.178749 0.57741 -0.578321 1.07289 0.321529 9.93198 0.744046 -0.214443 -0.129791 0.259793 9.93571 9.91743 0.527984 0.693084 0.790513 -0.351234 -0.591242 0.230277 0.84908 0.418044 -0.125871 -0.610604 0.716193 0.553789 0.0820931 
-0.473625 0.0746799 0.326566 -0.155129 0.341016 -0.233397 -0.355001 0.0976283 0.0902977 0.118493 0.523751 -0.0699765 0.49998 0.058603 0.203268 0.130321 0.219379 -0.303547 0.709706 0.0766231 -0.264249 0.337554 0.206213 -0.38196 -0.0933805 0.276848 0.22818 0.0354526 -0.207791 -0.381628 -0.25754 0.150871 0.0467967 0.0543035 0.172306 -0.0532886 -0.0300843 0.260378 -0.682317 0.337364 -0.0209804 0.142109 0.023859 0.160873 -0.240626 0.152797 -0.0598334 -0.168899 0.498861 -0.173501 -0.184235 0.340114 -0.167231 0.150188 -0.384399 0.242957 0.305523 0.147756 -0.451153 0.0846159 -0.205148 -0.385376 -0.38481 0.0575443 
0.529152 -0.0854796 -0.10799 -0.130784 -0.267644 0.35073 -0.0848494 -0.296948 0.0241659 0.0660078 -0.100454 0.20226 -0.180429 -0.553365 -0.198114 0.159823 0.293542 0.124936 -0.0920515 -0.306022 0.467026 0.268831 0.44743 0.275887 0.108195 -0.292419 0.521769 -0.167658 0.18501 0.16263 -0.166756 0.0107275 -0.182898 0.212624 0.232481 -0.390304 -0.302653 0.388054 0.274528 0.0833253 0.2621 0.127461 0.0406711 0.0243842 0.196934 0.0583627 -0.0925336 0.0935312 0.22973 -0.265719 0.0460618 -0.130671 0.142566 0.502902 -0.21118 -0.0498423 -0.197477 0.0221708 -0.000228049 0.116579 0.233778 0.507788 0.0917271 0.235526 
0.234001 0.161894 0.0128361 -0.0507467 0.184619 0.427099 0.15833 -0.232878 0.10267 0.329369 -0.165067 0.0588364 -0.438492 -0.122411 0.169609 -0.183314 0.149629 -0.377779 0.019252 0.0722195 0.212723 0.242956 -0.0937046 -0.00765927 -0.239041 -0.524483 0.166847 -0.0222292 -0.281494 -0.197258 -0.57109 -0.296748 0.120259 0.293504 -0.17241 -0.0447208 -0.184127 0.13937 0.0283061 0.377389 -0.0100092 -0.123161 0.132251 0.0501115 -0.121811 -0.22149 -0.226005 0.13517 0.204027 -0.170186 -0.130144 1.02983 -0.359284 -0.338805 0.0185646 0.286389 0.0734024 0.108569 -0.298102 -0.0191849 0.10591 -0.357812 0.119642 -0.12954 
-0.202551 0.227022 0.00901559 0.056951 -0.18713 -0.372202 0.244617 -0.400158 0.183268 0.724292 -0.630452 0.376252 0.0248545 -0.150473 -0.262006 0.14477 0.25702 0.238705 0.0348087 -0.204693 0.286771 0.0755537 -0.287619 0.123736 -0.432156 -0.460257 -0.205629 0.0151793 0.458748 -0.181447 0.101729 0.543355 -0.127194 0.432413 0.249695 0.0152828 -0.0120648 0.156072 0.096308 -0.0460461 0.0871422 0.13033 0.0964112 0.164113 0.389491 0.471955 -0.306564 -0.0400058 -0.121415 -0.0145285 0.22572 0.594535 0.166705 0.2282 0.0377505 -0.860355 0.0467204 -0.0794349 0.265452 0.121988 -0.0524655 0.0442505 -0.212032 -0.292816 
-2.19926 -1.9517 9.94423 -4.18211 -1.54765 -1.28834 -1.71968 -2.20632 -0.925659 -2.15753 -5.13014 -1.46325 -2.66945 -2.43621 -2.53784 9.71159 -2.0899 -2.23897 -2.13973 -0.433089 -2.25734 -2.22007 -0.205913 -2.74329 -2.11186 -0.784724 -0.418887 -2.35878 -1.80444 -1.68246 -1.48105 -2.1165 -1.92776 -8.79765 -2.20798 -2.00972 -0.335242 -1.44029 -2.87922 -2.26931 -1.75938 -1.48877 -2.59314 -1.52044 9.76426 -2.86023 -1.57873 -2.22754 -2.096 9.78097 9.73582 -2.03236 -4.19374 -2.3001 -2.90416 0.0715566 -2.75764 -2.63751 -2.8514 -1.98622 -0.346037 -1.6868 -2.6716 -2.09963 
-9.91083 
-9.87903 
0.106826 
-5.1302 
-9.39118 
-9.86036 
-9.99493 
-9.46135 
-9.81406 
-9.98781 
-4.39641 
-9.88888 
-9.83683 
-9.86243 
0.324878 
0.683725 
-9.86099 
-9.78286 
-9.71128 
-9.57306 
-9.6389 
-9.8283 
-9.49708 
-9.91615 
-9.19269 
-9.89465 
-9.25818 
-3.23602 
-9.75352 
-8.75965 
-3.94961 
-9.85697 
-9.8992 
-2.53296 
-9.85434 
-9.76981 
-9.89321 
-9.87494 
-9.83461 
-9.86985 
-9.38854 
-9.98761 
-9.73775 
-9.63302 
0.538317 
-9.85781 
-9.83772 
-9.88374 
-9.70891 
0.5044 
0.610368 
-9.89494 
-0.747227 
-9.81314 
-8.52503 
-9.51999 
-9.81142 
-9.84302 
-9.87202 
-9.80507 
-9.28895 
-9.57591 
-9.90877 
-9.85639 
9.48675 

# Training State Metadata
FILENAME tetris_model_best_20260906_score216400.txt
EPSILON 0.221181
EPSILON_MIN 0.05
EPSILON_DECAY 0.995
LEARNING_RATE 0.0015
GAMMA 0.99
TRAINING_EPISODES 28898
TOTAL_GAMES 301
BEST_SCORE 216400
AVERAGE_SCORE 6475
PREVIOUS_AVG_SCORE 6475
