# Neural Network Model File
# Saved: 2026-09-05 22:01:36
# Filename: tetris_model_best_20260905_220136_score216400.txt
#
-1.83418 0.433902 9.84389 0.847736 0.545349 -1.5939 -0.807152 -1.79017 -0.775373 -0.7526 1.41412 0.465128 -1.01057 0.288212 1.46736 9.53881 0.514102 -0.828044 -1.08811 7.72361 -0.683715 -0.648956 -1.55436 -0.294121 -0.874543 -1.10242 -0.628358 5.07785 -0.896032 -0.119311 -0.911894 0.129004 0.326167 -4.35428 0.353659 -1.02699 -0.0456023 0.578871 -1.0188 0.656653 -0.539028 -1.19175 -1.36395 -1.26465 9.59294 -1.08091 -0.357276 -1.24523 -0.653743 9.61204 9.56117 -0.973027 1.61211 -0.516407 1.37829 0.51583 -0.669176 -1.10283 -0.589139 -0.0601618 -0.39929 -0.34668 -0.391336 0.312899 
-0.759928 -0.0756308 9.85829 0.825327 0.281596 -0.066508 -1.09739 -1.24276 -0.346812 -0.0484682 1.49147 0.354884 0.21165 -0.0092463 1.57687 9.04106 0.233683 -1.30583 -0.00863272 7.89471 -0.288128 0.402315 -0.308182 0.128998 -0.195824 -0.213036 -0.604028 5.58043 -0.851317 0.289253 -0.283825 0.120147 0.770187 -3.61879 0.180419 -0.382048 0.121749 -0.517919 0.367098 0.0157458 0.061201 -0.979458 -0.0152194 -0.570976 9.71892 0.0260396 0.755643 0.729408 -0.127658 9.73569 9.69187 0.365849 1.46887 -0.229065 1.23958 0.65348 0.28342 -1.20165 0.395773 -0.251378 0.530314 0.412732 1.24048 0.463403 
0.61659 0.0429887 9.83861 0.889453 -0.122352 0.636837 0.436001 -0.285025 -0.338641 1.59862 1.16322 -0.319901 0.329805 -0.0442249 1.40011 8.90125 -0.0148608 0.189713 -0.655844 5.46969 0.0653695 0.0884676 -0.659038 -0.262641 0.334523 1.09854 -0.87108 3.66684 -0.123868 0.768772 -1.17947 -0.184024 -0.82547 -2.74155 0.22002 -0.158527 -0.709574 -0.485391 0.825657 0.0169954 0.713031 0.94299 0.154862 -0.0633315 9.71654 0.348061 -0.743321 0.334813 -0.336592 9.73181 9.6921 -0.6503 0.982065 -0.512812 0.816436 -1.04499 0.464793 0.49788 -0.302632 -0.504794 -1.62728 0.569121 0.374395 -0.393187 
0.628639 0.159482 9.76335 1.36436 -0.309661 0.539978 1.01014 -0.378945 0.194176 0.898522 1.52528 0.142065 -0.854945 0.289744 1.86634 8.72009 0.185026 0.374627 -0.531354 6.17104 -0.318337 -0.254419 0.0394862 -0.670603 -1.10807 1.0899 -0.601409 4.07799 -0.263384 -1.16822 -0.630323 -0.123547 0.301524 -2.91453 0.0209656 -0.766358 0.212573 -0.375347 0.00617889 0.145661 -0.0167969 0.0952156 -0.649258 -0.75723 9.49248 -0.450484 0.17348 -0.00186802 -0.497801 9.50747 9.46877 -0.583356 1.44138 -0.825874 1.24142 -0.53975 -0.13347 0.0507604 -0.592219 -0.617975 -0.85169 -0.0866088 0.119633 0.0146967 
0.711895 0.289932 9.7898 0.55518 -1.06205 -0.638704 0.454416 -0.774099 -0.363419 0.310255 0.84206 0.785484 0.301677 0.332627 1.56155 8.66704 0.298966 0.606339 -0.432511 6.5327 -0.624304 0.686317 0.196799 -0.553231 -1.27216 0.787351 0.067593 3.61754 0.659682 -1.05723 -0.105602 0.870894 0.583132 -3.23682 0.209914 -0.562803 0.238873 0.488373 -0.0324482 0.150774 -0.0917072 1.00925 0.00950044 -0.337221 9.71623 -0.271258 -0.239019 -0.0955019 -0.809695 9.7326 9.68959 -0.271265 1.75045 -0.237224 1.61581 0.0966792 -0.0799774 -0.288766 -0.366166 -0.171379 -0.882671 -0.394155 -0.0680032 0.362433 
0.165316 0.00875888 9.87456 1.16592 -0.8174 0.304666 0.434392 -0.731142 0.26788 -0.0482174 1.23177 -0.155426 -0.291435 0.0849656 1.86985 8.06788 0.112303 0.547734 -0.279068 6.66883 -0.379693 0.0110085 -0.392007 -0.617206 -0.920278 0.427405 -0.196708 4.24916 -0.22182 -0.892853 -0.629457 -0.173124 -0.0862104 -2.65881 -0.0318755 -0.210022 -0.0339889 0.53954 -0.29807 0.131542 -0.237619 0.245472 -0.167127 -0.140248 9.60593 0.440426 0.642834 0.00780205 -0.363876 9.62109 8.92627 -0.536472 1.78819 -0.469688 1.55579 0.396729 -0.634815 0.105653 -0.406687 0.192514 0.500272 -0.963717 0.00843693 0.275359 
-0.0706291 0.0145814 9.85092 0.702868 -0.455887 0.165932 0.0617054 -0.345761 -0.498293 -0.333963 1.34349 -0.128328 0.0911006 0.258304 0.790042 9.3329 0.0448575 1.25785 -0.738208 6.37289 -0.567285 -0.099134 0.900328 -0.496482 0.0653534 0.794388 -0.451054 3.00618 0.160548 -0.707989 -0.286864 -0.079414 -0.0946545 -3.03008 0.106744 -0.639689 0.126878 0.246993 0.0955777 -0.034054 0.290525 -0.681438 -0.451429 -0.642239 9.78985 0.224401 -0.126928 -0.279759 -0.880011 9.80498 9.76519 -0.135522 0.710677 -0.603563 0.668229 0.265254 -0.0214612 -0.0882512 -0.215924 -0.4262 0.902314 -0.773088 -0.616869 -0.0809464 
-0.0867882 0.113966 9.81878 1.38787 -0.198398 0.405518 0.491644 0.127498 0.138128 -0.160296 2.00046 0.330829 0.119084 -0.0499333 2.03431 8.12983 0.204064 0.103273 -0.63295 5.92172 -0.195777 0.0387389 0.531343 -0.412753 0.409052 0.364488 -0.31496 4.05573 0.0632727 -0.709486 -0.824066 0.222155 -0.485371 -2.88992 0.0927643 -0.0603293 1.88284 0.536126 -0.0740077 0.12902 0.469683 -0.385833 -0.574688 -0.128443 9.78554 -0.0948663 -0.370741 0.422001 -0.142775 9.78676 9.20602 -0.0837254 1.38968 0.126946 1.01322 0.158604 -0.0899685 0.231451 0.0437976 0.438499 0.65179 -0.593085 -0.0979296 -0.00786464 
0.796452 0.0778277 9.85059 0.975442 -0.622567 -0.374572 0.0739775 -0.0459973 0.116086 0.00529548 1.04418 0.0997653 0.466451 0.0230762 2.12409 8.96725 -0.217871 -0.714672 0.00164787 6.24297 0.219857 0.183143 1.49945 0.0323523 0.249822 -1.63741 -0.0731277 4.3309 -0.701801 0.482373 0.394263 0.397708 -0.0150073 -3.30684 0.0797853 -0.00978451 -0.421974 -0.265484 0.314636 0.0379211 -0.103634 -1.05821 1.05529 0.0396405 9.71598 0.414104 0.237974 -0.0520032 -0.19015 9.7343 9.68481 -0.156227 1.20135 -0.774086 1.27113 -1.293 0.133811 0.249408 0.0419337 0.319582 0.395354 0.0592903 0.589112 -0.127236 
-0.718663 0.0083002 9.83348 0.156731 0.414228 -1.90708 -1.98016 -0.855831 0.688256 -0.582333 1.17661 -0.271294 -0.249883 0.0891121 1.57754 9.60461 0.359429 -0.729199 -0.852026 6.60358 -0.29097 -0.483566 -0.190754 -0.0698275 -0.595166 -1.99214 -1.26164 3.61865 -0.350271 -0.641794 0.133739 -0.267933 0.309754 -4.05077 0.376516 -0.289964 -1.85554 0.0904606 -0.62647 0.0755975 -0.682058 -0.451902 -0.0249475 -0.627675 9.72345 -0.822989 -0.087623 -0.201808 -0.849414 9.7444 9.68787 -0.586674 1.38457 -0.370528 0.819007 -0.445141 -0.207558 -0.633559 -0.301814 0.379282 -0.137114 -1.39573 -0.514915 0.231082 
-0.338771 0.275778 9.79451 3.12082 -0.232868 -0.114603 -0.317175 0.211592 0.831006 -0.160724 4.11605 0.132003 -0.393825 0.610886 4.1641 9.37588 0.17547 -0.400063 -0.426862 9.94718 0.165822 0.300339 -0.2339 1.0014 0.132939 -0.822451 0.0129686 7.11375 0.0769781 -0.201003 -0.664394 0.57871 -0.671099 -4.07567 0.416878 -0.549972 0.382532 0.443863 0.314763 0.634792 -0.462517 -0.949416 -0.442384 -0.547944 9.5492 0.00849436 0.157969 0.584274 -0.223365 9.57098 9.51277 0.177531 4.01105 0.04917 1.68964 -0.378783 -0.247329 0.250246 1.31081 1.06421 -0.0555954 -0.255631 0.182511 0.0377287 
4.54068 1.37431 -1.66797 5.98733 4.06945 2.46995 2.93368 3.08957 1.07497 3.88406 6.56543 1.43438 3.49162 1.45234 6.49351 -5.18368 1.11146 2.27661 4.4835 7.19172 2.55118 1.79325 2.0116 4.08874 3.91563 2.84411 5.50138 7.56197 2.70134 4.07556 4.9617 1.04798 2.21887 1.6411 1.03673 4.36441 2.21231 1.08618 3.68738 1.19636 4.94799 5.37526 4.87429 4.89054 -4.31982 3.45089 1.51135 3.43527 3.05574 -4.27003 -4.78015 4.04268 6.80135 4.71534 1.89569 1.96887 3.70019 2.88465 4.65833 1.65579 2.05871 3.86078 4.24198 1.77557 
2.15457 1.03242 2.23384 4.86914 2.41103 1.02288 1.7348 1.697 1.37074 2.00403 4.28733 0.508254 2.17966 1.34577 4.1018 -1.74788 0.974305 1.89811 2.4697 4.64328 1.93758 1.34236 0.758811 2.96139 1.92893 1.49845 3.04471 4.98477 1.36119 1.81763 2.87438 1.1295 1.79306 0.19745 0.427048 2.21912 0.96717 0.871558 2.1846 0.951008 2.28186 2.96393 2.58965 2.28882 -1.02858 1.76392 0.909063 1.95232 1.85098 -1.17126 -1.29421 2.65049 4.34482 2.94543 1.55307 1.17435 2.76955 1.78985 2.87441 0.733891 0.892595 2.19489 2.59032 0.615101 
1.43639 0.40034 5.89343 1.49932 2.83913 1.43882 1.91771 2.4327 0.603143 1.39253 1.79368 0.0851839 1.96401 0.120971 1.1734 1.08958 -0.220948 0.130303 2.08673 -0.35204 2.25413 -0.192486 -0.119513 2.21043 2.04746 0.741897 2.22434 -0.0471092 0.458799 1.73036 2.36733 -0.00820781 0.605732 0.365126 -0.0996389 1.75731 0.370159 -0.142827 1.80121 0.210068 2.02592 2.1228 1.12901 1.95547 1.64844 1.83981 -0.0177317 -0.131057 2.03423 1.36581 1.52062 1.49421 1.04887 2.20867 -0.530955 0.546415 2.36517 2.48026 2.4152 -0.0645256 -0.0524761 0.733389 1.05616 -0.292782 
1.98272 0.359159 9.94599 0.214351 1.93683 1.09968 1.4386 1.70539 -0.00578901 1.88022 -0.343856 0.183535 1.87643 -0.00926958 0.942742 3.62167 -0.0431666 1.2071 2.33851 1.10904 1.81542 1.27325 0.485198 1.35661 1.984 0.825409 1.82738 0.555814 -0.247548 2.06189 2.39246 0.188941 0.445942 0.162621 0.116769 1.71284 0.160069 0.18955 1.81726 0.29285 1.93043 2.15152 2.01869 1.89729 5.40928 2.34202 0.455737 -0.141927 2.44031 5.79072 4.36841 1.96588 0.634396 2.05849 -0.608464 -0.128938 2.33751 1.94084 1.32567 0.131912 0.578652 1.45432 2.51157 0.0221795 
2.38697 0.404887 8.35099 -0.688045 2.15573 1.16292 1.61897 1.30223 0.190877 2.13552 -0.407044 0.218143 1.7355 0.101909 1.20405 2.40522 -0.114261 1.12996 2.0247 0.261466 1.01279 0.918781 0.596315 1.56956 2.23327 0.681795 2.09173 1.50092 2.23724 2.22103 2.43655 0.0114151 0.178556 -0.115181 -0.251133 1.87219 0.33024 0.191841 1.57442 0.241196 1.45957 1.42451 2.32905 1.67555 3.09762 1.32584 -0.122427 1.83952 1.0393 3.68898 3.02801 0.787465 0.70549 0.944841 -0.852804 0.685995 1.7825 1.22436 1.42448 1.04671 -0.220591 1.89306 1.93466 0.0911975 
1.99713 0.114669 9.89959 1.29182 1.9754 0.904867 1.50639 1.33507 0.00676017 2.15986 1.25074 0.10283 2.08761 -0.0040894 0.834188 3.17031 -0.0677868 1.18366 1.83348 0.149453 1.3341 0.0874112 0.582626 2.0859 2.19885 1.21898 2.49446 1.3138 0.506171 2.04537 1.8744 -0.0657573 1.74657 -0.0275252 0.165373 2.06856 0.335627 0.205408 1.31556 0.259239 1.47196 2.05944 2.02197 2.0194 3.89929 1.3933 -0.191672 1.43104 2.01048 4.59244 3.55301 2.38671 1.05632 2.57276 -0.72524 0.262289 1.36773 1.5806 1.98241 -0.332222 -0.103431 1.89783 2.1557 0.213688 
2.21188 0.40928 9.88907 1.35611 1.58156 1.03974 1.91257 2.00442 0.31903 2.05143 0.942963 0.132105 2.18166 -0.0242214 1.01376 3.50739 -0.0886081 1.41722 1.86775 0.283414 2.02244 1.00009 0.6494 1.44077 1.73058 0.488793 2.43187 -0.179248 0.314148 2.39153 2.56677 0.132954 0.397946 0.111855 0.174586 1.94041 0.210547 0.0381604 1.91455 0.289544 2.00842 1.86377 2.18902 1.74441 4.70537 1.7815 0.411721 -0.18766 2.44742 4.89672 3.54731 1.70341 1.19542 1.74321 -0.377172 0.38467 1.98853 1.84849 1.42471 0.0428794 0.440705 2.20453 2.22077 0.169683 
2.27744 -0.179972 5.01044 0.442343 2.18469 0.895189 1.34673 1.88059 -0.352229 1.37148 -0.165571 0.19616 1.84044 -0.226758 1.28683 1.59307 -0.0894433 0.923508 1.44751 -0.190804 2.17379 0.114956 0.177924 2.07108 1.68376 0.237024 1.64909 0.504593 0.102894 2.07334 1.31025 0.0184411 0.00912985 0.559699 -0.110569 1.58489 0.566958 -0.0482334 2.42787 -0.309193 2.91795 2.27768 1.67582 1.92227 1.59948 2.101 -0.0231493 0.0409614 2.28797 1.89467 1.79964 1.62418 1.91918 2.32722 -0.708623 0.184556 2.45738 1.86615 2.20755 0.0889069 0.355553 2.19266 1.78751 -0.346469 
1.41319 0.194976 9.01204 0.662544 2.19281 0.915775 1.82371 1.61343 -0.377292 2.05512 0.32099 0.196943 1.95427 0.119286 0.797612 4.44481 -0.181567 -0.39238 1.34951 0.616424 2.30091 1.0602 0.234395 2.22152 2.25335 0.306541 1.9391 1.17896 0.451851 1.99103 1.30713 0.0965222 -0.278943 -0.0138833 -0.00134263 2.0608 0.377315 0.148491 2.05048 0.156009 2.04495 2.14324 1.00953 1.86445 5.00145 1.98439 -0.272263 2.3155 2.20271 5.10444 4.82597 2.22929 0.240291 2.87782 -0.260086 0.406149 1.20544 1.84271 1.48817 0.248839 0.899886 1.25707 1.752 0.115646 
1.53239 -0.387158 8.4179 0.777857 -1.94146 0.20141 0.341937 0.597033 -0.282116 1.10473 1.15025 -0.44064 0.161835 -0.0927498 0.271467 3.07811 -0.659103 0.436948 0.273386 1.33096 -0.142476 -0.0502463 1.24189 -0.801769 -0.551065 -0.115622 -0.445179 0.238807 -0.712426 -0.800658 0.107246 -0.122824 0.175545 -0.696805 -0.132804 0.17148 0.810882 0.121463 -0.129426 -0.0260776 0.0851916 0.0945184 1.07235 -0.554891 3.68562 0.0642207 0.5381 0.544766 -0.348933 3.8486 3.22809 0.480025 0.429779 -0.313552 0.234679 -1.8906 -0.0809539 0.172403 -1.05556 -0.0148205 0.0109988 0.486079 2.08114 -0.108806 
-0.233011 -0.115451 9.83225 0.621545 0.236449 -0.51712 0.00394263 -1.08061 0.421469 -0.22856 1.4265 -0.554814 -0.388769 0.320267 1.72178 8.98131 0.0517346 -0.135 -0.760249 6.30046 -0.273368 -0.0760466 0.21864 -0.153274 -0.522589 -0.38658 -0.328578 3.77924 -0.586795 -0.465983 -0.059442 0.240397 -0.344245 -2.96188 -0.119343 -0.603344 -0.10414 -0.246685 -0.543354 -0.220531 -0.0515865 -0.208049 -0.330264 -0.86331 9.68775 -0.0992261 0.378036 -0.0406212 -0.905822 9.70472 9.65984 -0.269868 1.07153 -0.498854 1.25554 -0.413785 0.00453063 -0.382112 -0.530923 0.0707723 -0.420237 -0.575006 -0.310229 0.456485 
0.566126 0.224737 9.91318 2.20075 -0.0912902 0.383926 0.500921 0.535595 -0.102407 1.24804 2.43695 0.121098 1.35765 -0.0464364 2.80658 7.68649 0.234996 0.221194 0.936171 5.48614 0.371982 0.353562 -0.0883321 0.883884 0.622868 -0.587798 0.57345 4.29926 0.464133 0.816468 0.505478 0.0213083 1.04938 -3.09474 0.244016 1.18026 -0.760935 -0.711111 0.392335 0.0292129 0.948205 0.155372 1.35984 0.722504 9.90132 0.980831 0.00101398 0.167454 0.558706 9.90184 8.75339 0.952818 2.17591 1.12857 0.870759 -0.339464 0.465557 1.10863 0.542595 0.111466 -0.525067 1.00119 0.836805 0.300542 
-0.473625 0.0746799 0.326566 -0.155129 0.341016 -0.233397 -0.355001 0.0976283 0.0902977 0.118493 0.523751 -0.0699765 0.49998 0.058603 0.203268 0.130321 0.219379 -0.303547 0.709706 0.0766231 -0.264249 0.337554 0.206213 -0.38196 -0.0933805 0.276848 0.22818 0.0354526 -0.207791 -0.381628 -0.25754 0.150871 0.0467967 0.0543035 0.172306 -0.0532886 -0.0300843 0.260378 -0.682317 0.337364 -0.0209804 0.142109 0.023859 0.160873 -0.240626 0.152797 -0.0598334 -0.168899 0.498861 -0.173501 -0.184235 0.340114 -0.167231 0.150188 -0.384399 0.242957 0.305523 0.147756 -0.451153 0.0846159 -0.205148 -0.385376 -0.38481 0.0575443 
0.529152 -0.0854796 -0.10799 -0.130784 -0.267644 0.35073 -0.0848494 -0.296948 0.0241659 0.0660078 -0.100454 0.20226 -0.180429 -0.553365 -0.198114 0.159823 0.293542 0.124936 -0.0920515 -0.306022 0.467026 0.268831 0.44743 0.275887 0.108195 -0.292419 0.521769 -0.167658 0.18501 0.16263 -0.166756 0.0107275 -0.182898 0.212624 0.232481 -0.390304 -0.302653 0.388054 0.274528 0.0833253 0.2621 0.127461 0.0406711 0.0243842 0.196934 0.0583627 -0.0925336 0.0935312 0.22973 -0.265719 0.0460618 -0.130671 0.142566 0.502902 -0.21118 -0.0498423 -0.197477 0.0221708 -0.000228049 0.116579 0.233778 0.507788 0.0917271 0.235526 
0.234001 0.161894 0.0128361 -0.0507467 0.184619 0.427099 0.15833 -0.232878 0.10267 0.329369 -0.165067 0.0588364 -0.438492 -0.122411 0.169609 -0.183314 0.149629 -0.377779 0.019252 0.0722195 0.212723 0.242956 -0.0937046 -0.00765927 -0.239041 -0.524483 0.166847 -0.0222292 -0.281494 -0.197258 -0.57109 -0.296748 0.120259 0.293504 -0.17241 -0.0447208 -0.184127 0.13937 0.0283061 0.377389 -0.0100092 -0.123161 0.132251 0.0501115 -0.121811 -0.22149 -0.226005 0.13517 0.204027 -0.170186 -0.130144 1.02983 -0.359284 -0.338805 0.0185646 0.286389 0.0734024 0.108569 -0.298102 -0.0191849 0.10591 -0.357812 0.119642 -0.12954 
-0.202551 0.227022 0.00901559 0.056951 -0.18713 -0.372202 0.244617 -0.400158 0.183268 0.724292 -0.630452 0.376252 0.0248545 -0.150473 -0.262006 0.14477 0.25702 0.238705 0.0348087 -0.204693 0.286771 0.0755537 -0.287619 0.123736 -0.432156 -0.460257 -0.205629 0.0151793 0.458748 -0.181447 0.101729 0.543355 -0.127194 0.432413 0.249695 0.0152828 -0.0120648 0.156072 0.096308 -0.0460461 0.0871422 0.13033 0.0964112 0.164113 0.389491 0.471955 -0.306564 -0.0400058 -0.121415 -0.0145285 0.22572 0.594535 0.166705 0.2282 0.0377505 -0.860355 0.0467204 -0.0794349 0.265452 0.121988 -0.0524655 0.0442505 -0.212032 -0.292816 
-2.19731 -1.96645 9.82048 -4.64699 -1.63617 -1.4521 -2.13243 -2.12258 -1.13431 -2.51184 -4.67283 -1.49591 -2.66474 -2.45094 -1.91214 9.82667 -2.11655 -2.25349 -2.05461 -0.769889 -2.28222 -2.23485 -0.676159 -2.82114 -2.17203 -0.598209 -0.966152 -2.35708 -1.65654 -1.91034 -1.32627 -2.13119 -1.92081 -8.61149 -2.22264 -1.91503 -0.405238 -1.45498 -2.87636 -2.28999 -2.34325 -1.28075 -2.47258 -1.57868 9.82867 -2.8389 -1.59943 -2.11897 -1.97541 9.8283 9.82817 -2.2756 -2.39404 -1.97443 -1.61436 -0.174137 -2.76629 -2.62268 -2.99869 -1.95377 -0.942606 -1.79891 -2.20469 -2.11435 
-9.90741 
-9.87546 
0.776955 
-0.898504 
-9.63637 
-9.80057 
-9.86894 
-9.78409 
-9.90722 
-9.92726 
-1.08125 
-9.87317 
-9.86633 
-9.88158 
-1.27228 
1.35654 
-9.87439 
-9.81898 
-9.78805 
-8.99287 
-9.81887 
-9.82304 
-9.71497 
-9.82737 
-9.78678 
-9.86745 
-6.57464 
-2.06165 
-9.73552 
-9.7661 
-2.68391 
-9.86937 
-9.8855 
-2.1977 
-9.87596 
-9.79127 
-9.95959 
-9.86079 
-9.86939 
-9.87496 
-9.94004 
-9.83386 
-9.80915 
-9.78333 
1.21102 
-9.83859 
-9.84369 
-9.79156 
-9.77352 
1.17577 
1.28564 
-9.80997 
-1.12655 
-9.79721 
-8.85651 
-9.81335 
-9.8818 
-9.84697 
-9.85684 
-9.81064 
-9.79491 
-9.82658 
-9.48046 
-9.86946 
9.8233 

# Training State Metadata
FILENAME tetris_model_best_20260905_220136_score216400.txt
EPSILON 0.249456
EPSILON_MIN 0.05
EPSILON_DECAY 0.995
LEARNING_RATE 0.0015
GAMMA 0.99
TRAINING_EPISODES 24877
TOTAL_GAMES 278
BEST_SCORE 216400
AVERAGE_SCORE 14776
PREVIOUS_AVG_SCORE 14776
